0.000000000000000000e+00
0.000000000000000000e+00
0.000000000000000000e+00
0.000000000000000000e+00
0.000000000000000000e+00
0.000000000000000000e+00
0.000000000000000000e+00
0.000000000000000000e+00
1.111111111111111049e-01
1.000000000000000056e-01
9.090909090909091161e-02
8.333333333333332871e-02
7.692307692307692735e-02
7.142857142857142461e-02
6.666666666666666574e-02
6.250000000000000000e-02
5.882352941176470507e-02
5.555555555555555247e-02
5.263157894736841813e-02
5.000000000000000278e-02
9.523809523809523281e-02
9.090909090909091161e-02
8.695652173913043237e-02
8.333333333333332871e-02
8.000000000000000167e-02
7.692307692307692735e-02
7.407407407407406996e-02
7.142857142857142461e-02
6.896551724137930939e-02
6.666666666666666574e-02
6.451612903225806273e-02
6.250000000000000000e-02
6.060606060606060774e-02
5.882352941176470507e-02
5.714285714285714107e-02
5.555555555555555247e-02
5.405405405405405705e-02
5.263157894736841813e-02
5.128205128205128027e-02
5.000000000000000278e-02
4.878048780487805047e-02
4.761904761904761640e-02
4.651162790697674354e-02
4.545454545454545581e-02
4.444444444444444614e-02
6.521739130434782428e-02
6.382978723404254817e-02
6.250000000000000000e-02
6.122448979591836593e-02
5.999999999999999778e-02
5.882352941176470507e-02
5.769230769230769551e-02
5.660377358490566169e-02
5.555555555555555247e-02
5.454545454545454281e-02
5.357142857142856845e-02
5.263157894736841813e-02
5.172413793103448204e-02
5.084745762711864736e-02
5.000000000000000278e-02
4.918032786885245811e-02
4.838709677419354704e-02
4.761904761904761640e-02
4.687500000000000000e-02
4.615384615384615641e-02
4.545454545454545581e-02
4.477611940298507204e-02
4.411764705882353227e-02
4.347826086956521618e-02
4.285714285714285754e-02
4.225352112676056260e-02
4.166666666666666435e-02
4.109589041095890183e-02
5.405405405405405705e-02
5.333333333333333676e-02
5.263157894736841813e-02
5.194805194805195148e-02
5.128205128205128027e-02
5.063291139240506250e-02
5.000000000000000278e-02
4.938271604938271331e-02
4.878048780487805047e-02
4.819277108433735191e-02
4.761904761904761640e-02
4.705882352941176405e-02
4.651162790697674354e-02
4.597701149425287293e-02
4.545454545454545581e-02
4.494382022471909988e-02
4.444444444444444614e-02
4.395604395604395948e-02
4.347826086956521618e-02
4.301075268817204644e-02
4.255319148936170109e-02
4.210526315789473589e-02
4.166666666666666435e-02
4.123711340206185488e-02
4.081632653061224164e-02
4.040404040404040747e-02
4.000000000000000083e-02
4.000000000000000083e-02
4.000000000000000083e-02
4.000000000000000083e-02
5.000000000000000278e-02
5.000000000000000278e-02
5.000000000000000278e-02
5.000000000000000278e-02
5.000000000000000278e-02
4.000000000000000083e-02
4.000000000000000083e-02
4.000000000000000083e-02
4.000000000000000083e-02
4.000000000000000083e-02
4.000000000000000083e-02
4.000000000000000083e-02
4.000000000000000083e-02
4.000000000000000083e-02
4.000000000000000083e-02
4.000000000000000083e-02
4.000000000000000083e-02
4.000000000000000083e-02
4.000000000000000083e-02
4.000000000000000083e-02
4.000000000000000083e-02
4.000000000000000083e-02
4.000000000000000083e-02
4.000000000000000083e-02
4.000000000000000083e-02
5.000000000000000278e-02
5.999999999999999778e-02
5.999999999999999778e-02
7.000000000000000666e-02
7.000000000000000666e-02
7.000000000000000666e-02
7.000000000000000666e-02
7.000000000000000666e-02
7.000000000000000666e-02
8.000000000000000167e-02
8.000000000000000167e-02
8.000000000000000167e-02
8.000000000000000167e-02
8.000000000000000167e-02
8.000000000000000167e-02
8.000000000000000167e-02
8.000000000000000167e-02
8.000000000000000167e-02
8.999999999999999667e-02
1.100000000000000006e-01
1.100000000000000006e-01
1.300000000000000044e-01
1.300000000000000044e-01
1.400000000000000133e-01
1.600000000000000033e-01
1.600000000000000033e-01
1.799999999999999933e-01
2.000000000000000111e-01
2.200000000000000011e-01
2.600000000000000089e-01
2.600000000000000089e-01
2.700000000000000178e-01
2.899999999999999800e-01
2.999999999999999889e-01
3.400000000000000244e-01
3.900000000000000133e-01
4.500000000000000111e-01
5.000000000000000000e-01
5.200000000000000178e-01
5.600000000000000533e-01
5.999999999999999778e-01
6.700000000000000400e-01
7.399999999999999911e-01
7.900000000000000355e-01
8.599999999999999867e-01
9.100000000000000311e-01
9.799999999999999822e-01
1.030000000000000027e+00
1.100000000000000089e+00
1.169999999999999929e+00
1.229999999999999982e+00
1.290000000000000036e+00
1.330000000000000071e+00
1.379999999999999893e+00
1.459999999999999964e+00
1.510000000000000009e+00
1.580000000000000071e+00
1.649999999999999911e+00
1.719999999999999973e+00
1.770000000000000018e+00
1.800000000000000044e+00
1.870000000000000107e+00
1.949999999999999956e+00
2.020000000000000018e+00
2.100000000000000089e+00
2.180000000000000160e+00
2.229999999999999982e+00
2.299999999999999822e+00
2.370000000000000107e+00
2.450000000000000178e+00
2.509999999999999787e+00
2.569999999999999840e+00
2.640000000000000124e+00
2.720000000000000195e+00
2.810000000000000053e+00
2.890000000000000124e+00
2.979999999999999982e+00
3.020000000000000018e+00
3.089999999999999858e+00
3.160000000000000142e+00
3.240000000000000213e+00
3.330000000000000071e+00
3.419999999999999929e+00
3.500000000000000000e+00
3.589999999999999858e+00
3.669999999999999929e+00
3.770000000000000018e+00
3.859999999999999876e+00
3.950000000000000178e+00
4.040000000000000036e+00
4.120000000000000107e+00
4.190000000000000391e+00
4.290000000000000036e+00
4.389999999999999680e+00
4.480000000000000426e+00
4.589999999999999858e+00
4.669999999999999929e+00
4.750000000000000000e+00
4.849999999999999645e+00
4.950000000000000178e+00
5.030000000000000249e+00
5.099999999999999645e+00
5.179999999999999716e+00
5.250000000000000000e+00
5.320000000000000284e+00
5.410000000000000142e+00
5.459999999999999964e+00
5.559999999999999609e+00
5.650000000000000355e+00
5.740000000000000213e+00
5.820000000000000284e+00
5.900000000000000355e+00
6.009999999999999787e+00
6.110000000000000320e+00
6.200000000000000178e+00
6.309999999999999609e+00
6.370000000000000107e+00
6.469999999999999751e+00
6.559999999999999609e+00
6.650000000000000355e+00
6.759999999999999787e+00
6.839999999999999858e+00
6.919999999999999929e+00
6.980000000000000426e+00
7.059999999999999609e+00
7.129999999999999893e+00
7.160000000000000142e+00
7.209999999999999964e+00
7.299999999999999822e+00
7.370000000000000107e+00
7.480000000000000426e+00
7.549999999999999822e+00
7.620000000000000107e+00
7.719999999999999751e+00
7.709999999999999964e+00
7.759999999999999787e+00
7.809999999999999609e+00
7.879999999999999893e+00
7.969999999999999751e+00
8.039999999999999147e+00
8.109999999999999432e+00
8.140000000000000568e+00
8.179999999999999716e+00
8.230000000000000426e+00
8.220000000000000639e+00
8.259999999999999787e+00
8.300000000000000711e+00
8.359999999999999432e+00
8.400000000000000355e+00
8.429999999999999716e+00
8.480000000000000426e+00
8.509999999999999787e+00
8.560000000000000497e+00
8.619999999999999218e+00
8.650000000000000355e+00
8.710000000000000853e+00
8.750000000000000000e+00
8.789999999999999147e+00
8.830000000000000071e+00
8.869999999999999218e+00
8.960000000000000853e+00
8.970000000000000639e+00
9.000000000000000000e+00
9.039999999999999147e+00
9.070000000000000284e+00
9.089999999999999858e+00
9.150000000000000355e+00
9.189999999999999503e+00
9.189999999999999503e+00
9.230000000000000426e+00
9.279999999999999361e+00
9.330000000000000071e+00
9.349999999999999645e+00
9.380000000000000782e+00
9.390000000000000568e+00
9.410000000000000142e+00
9.390000000000000568e+00
9.439999999999999503e+00
9.480000000000000426e+00
9.529999999999999361e+00
9.560000000000000497e+00
9.589999999999999858e+00
9.589999999999999858e+00
9.619999999999999218e+00
9.650000000000000355e+00
9.640000000000000568e+00
9.660000000000000142e+00
9.679999999999999716e+00
9.669999999999999929e+00
9.650000000000000355e+00
9.679999999999999716e+00
9.730000000000000426e+00
9.710000000000000853e+00
9.720000000000000639e+00
9.710000000000000853e+00
9.679999999999999716e+00
9.689999999999999503e+00
9.710000000000000853e+00
9.669999999999999929e+00
9.609999999999999432e+00
9.630000000000000782e+00
9.660000000000000142e+00
9.669999999999999929e+00
9.699999999999999289e+00
9.750000000000000000e+00
9.769999999999999574e+00
9.820000000000000284e+00
9.830000000000000071e+00
9.849999999999999645e+00
9.849999999999999645e+00
9.859999999999999432e+00
9.820000000000000284e+00
9.820000000000000284e+00
9.820000000000000284e+00
9.839999999999999858e+00
9.830000000000000071e+00
9.890000000000000568e+00
9.880000000000000782e+00
9.900000000000000355e+00
9.880000000000000782e+00
9.849999999999999645e+00
9.869999999999999218e+00
9.890000000000000568e+00
9.929999999999999716e+00
9.939999999999999503e+00
9.990000000000000213e+00
1.005000000000000071e+01
1.008000000000000007e+01
1.003999999999999915e+01
1.000999999999999979e+01
9.960000000000000853e+00
9.910000000000000142e+00
9.839999999999999858e+00
9.839999999999999858e+00
9.919999999999999929e+00
9.849999999999999645e+00
9.849999999999999645e+00
9.839999999999999858e+00
9.810000000000000497e+00
9.789999999999999147e+00
9.769999999999999574e+00
9.789999999999999147e+00
9.789999999999999147e+00
9.810000000000000497e+00
9.849999999999999645e+00
9.869999999999999218e+00
9.880000000000000782e+00
9.859999999999999432e+00
9.759999999999999787e+00
9.769999999999999574e+00
9.769999999999999574e+00
9.789999999999999147e+00
9.820000000000000284e+00
9.779999999999999361e+00
9.740000000000000213e+00
9.750000000000000000e+00
9.759999999999999787e+00
9.759999999999999787e+00
9.750000000000000000e+00
9.710000000000000853e+00
9.699999999999999289e+00
9.720000000000000639e+00
9.710000000000000853e+00
9.689999999999999503e+00
9.669999999999999929e+00
9.679999999999999716e+00
9.630000000000000782e+00
9.580000000000000071e+00
9.580000000000000071e+00
9.560000000000000497e+00
9.570000000000000284e+00
9.550000000000000711e+00
9.570000000000000284e+00
9.570000000000000284e+00
9.550000000000000711e+00
9.539999999999999147e+00
9.580000000000000071e+00
9.599999999999999645e+00
9.580000000000000071e+00
9.570000000000000284e+00
9.529999999999999361e+00
9.470000000000000639e+00
9.410000000000000142e+00
9.349999999999999645e+00
9.349999999999999645e+00
9.369999999999999218e+00
9.359999999999999432e+00
9.330000000000000071e+00
9.369999999999999218e+00
9.419999999999999929e+00
9.419999999999999929e+00
9.400000000000000355e+00
9.429999999999999716e+00
9.439999999999999503e+00
9.470000000000000639e+00
9.500000000000000000e+00
9.500000000000000000e+00
9.509999999999999787e+00
9.560000000000000497e+00
9.640000000000000568e+00
9.640000000000000568e+00
9.630000000000000782e+00
9.660000000000000142e+00
9.660000000000000142e+00
9.570000000000000284e+00
9.570000000000000284e+00
9.580000000000000071e+00
9.580000000000000071e+00
9.580000000000000071e+00
9.589999999999999858e+00
9.599999999999999645e+00
9.669999999999999929e+00
9.650000000000000355e+00
9.660000000000000142e+00
9.669999999999999929e+00
9.679999999999999716e+00
9.640000000000000568e+00
9.599999999999999645e+00
9.550000000000000711e+00
9.570000000000000284e+00
9.560000000000000497e+00
9.509999999999999787e+00
9.509999999999999787e+00
9.490000000000000213e+00
9.439999999999999503e+00
9.419999999999999929e+00
9.419999999999999929e+00
9.330000000000000071e+00
9.339999999999999858e+00
9.369999999999999218e+00
9.419999999999999929e+00
9.480000000000000426e+00
9.570000000000000284e+00
9.560000000000000497e+00
9.550000000000000711e+00
9.630000000000000782e+00
9.619999999999999218e+00
9.550000000000000711e+00
9.529999999999999361e+00
9.560000000000000497e+00
9.580000000000000071e+00
9.560000000000000497e+00
9.570000000000000284e+00
9.560000000000000497e+00
9.480000000000000426e+00
9.419999999999999929e+00
9.410000000000000142e+00
9.439999999999999503e+00
9.529999999999999361e+00
9.529999999999999361e+00
9.519999999999999574e+00
9.519999999999999574e+00
9.509999999999999787e+00
9.490000000000000213e+00
9.519999999999999574e+00
9.509999999999999787e+00
9.500000000000000000e+00
9.480000000000000426e+00
9.480000000000000426e+00
9.539999999999999147e+00
9.529999999999999361e+00
9.539999999999999147e+00
9.519999999999999574e+00
9.550000000000000711e+00
9.570000000000000284e+00
9.560000000000000497e+00
9.570000000000000284e+00
9.619999999999999218e+00
9.650000000000000355e+00
9.660000000000000142e+00
9.660000000000000142e+00
9.650000000000000355e+00
9.640000000000000568e+00
9.630000000000000782e+00
9.650000000000000355e+00
9.619999999999999218e+00
9.580000000000000071e+00
9.539999999999999147e+00
9.509999999999999787e+00
9.449999999999999289e+00
9.460000000000000853e+00
9.480000000000000426e+00
9.550000000000000711e+00
9.609999999999999432e+00
9.599999999999999645e+00
9.580000000000000071e+00
9.560000000000000497e+00
9.589999999999999858e+00
9.560000000000000497e+00
9.539999999999999147e+00
9.500000000000000000e+00
9.509999999999999787e+00
9.470000000000000639e+00
9.429999999999999716e+00
9.429999999999999716e+00
9.410000000000000142e+00
9.429999999999999716e+00
9.429999999999999716e+00
9.390000000000000568e+00
9.359999999999999432e+00
9.310000000000000497e+00
9.279999999999999361e+00
9.269999999999999574e+00
9.279999999999999361e+00
9.359999999999999432e+00
9.320000000000000284e+00
9.250000000000000000e+00
9.259999999999999787e+00
9.240000000000000213e+00
9.240000000000000213e+00
9.199999999999999289e+00
9.160000000000000142e+00
9.179999999999999716e+00
9.169999999999999929e+00
9.119999999999999218e+00
9.029999999999999361e+00
9.060000000000000497e+00
9.099999999999999645e+00
9.140000000000000568e+00
9.140000000000000568e+00
9.179999999999999716e+00
9.150000000000000355e+00
9.130000000000000782e+00
9.119999999999999218e+00
9.169999999999999929e+00
9.179999999999999716e+00
9.179999999999999716e+00
9.199999999999999289e+00
9.230000000000000426e+00
9.230000000000000426e+00
9.230000000000000426e+00
9.250000000000000000e+00
9.250000000000000000e+00
9.259999999999999787e+00
9.259999999999999787e+00
9.269999999999999574e+00
9.279999999999999361e+00
9.359999999999999432e+00
9.380000000000000782e+00
9.380000000000000782e+00
9.369999999999999218e+00
9.380000000000000782e+00
9.269999999999999574e+00
9.240000000000000213e+00
9.330000000000000071e+00
9.359999999999999432e+00
9.369999999999999218e+00
9.289999999999999147e+00
9.300000000000000711e+00
9.300000000000000711e+00
9.300000000000000711e+00
9.300000000000000711e+00
9.310000000000000497e+00
9.330000000000000071e+00
9.279999999999999361e+00
9.279999999999999361e+00
9.269999999999999574e+00
9.269999999999999574e+00
9.279999999999999361e+00
9.189999999999999503e+00
9.199999999999999289e+00
9.199999999999999289e+00
9.230000000000000426e+00
9.220000000000000639e+00
9.230000000000000426e+00
9.220000000000000639e+00
9.259999999999999787e+00
9.240000000000000213e+00
9.250000000000000000e+00
9.250000000000000000e+00
9.240000000000000213e+00
9.240000000000000213e+00
9.250000000000000000e+00
9.240000000000000213e+00
9.150000000000000355e+00
9.160000000000000142e+00
9.189999999999999503e+00
9.230000000000000426e+00
9.289999999999999147e+00
9.330000000000000071e+00
9.349999999999999645e+00
9.349999999999999645e+00
9.330000000000000071e+00
9.259999999999999787e+00
9.199999999999999289e+00
9.220000000000000639e+00
9.240000000000000213e+00
9.210000000000000853e+00
9.199999999999999289e+00
9.220000000000000639e+00
9.250000000000000000e+00
9.210000000000000853e+00
9.240000000000000213e+00
9.269999999999999574e+00
9.259999999999999787e+00
9.279999999999999361e+00
9.220000000000000639e+00
9.220000000000000639e+00
9.189999999999999503e+00
9.210000000000000853e+00
9.220000000000000639e+00
9.240000000000000213e+00
9.240000000000000213e+00
9.230000000000000426e+00
9.230000000000000426e+00
9.259999999999999787e+00
9.310000000000000497e+00
9.310000000000000497e+00
9.289999999999999147e+00
9.259999999999999787e+00
9.310000000000000497e+00
9.330000000000000071e+00
9.330000000000000071e+00
9.339999999999999858e+00
9.380000000000000782e+00
9.460000000000000853e+00
9.419999999999999929e+00
9.390000000000000568e+00
9.279999999999999361e+00
9.289999999999999147e+00
9.250000000000000000e+00
9.279999999999999361e+00
9.300000000000000711e+00
9.320000000000000284e+00
9.259999999999999787e+00
9.259999999999999787e+00
9.269999999999999574e+00
9.349999999999999645e+00
9.310000000000000497e+00
9.310000000000000497e+00
9.279999999999999361e+00
9.250000000000000000e+00
9.230000000000000426e+00
9.189999999999999503e+00
9.210000000000000853e+00
9.199999999999999289e+00
9.199999999999999289e+00
9.189999999999999503e+00
9.179999999999999716e+00
9.169999999999999929e+00
9.179999999999999716e+00
9.179999999999999716e+00
9.279999999999999361e+00
9.300000000000000711e+00
9.300000000000000711e+00
9.320000000000000284e+00
9.289999999999999147e+00
9.349999999999999645e+00
9.349999999999999645e+00
9.349999999999999645e+00
9.369999999999999218e+00
9.310000000000000497e+00
9.300000000000000711e+00
9.339999999999999858e+00
9.369999999999999218e+00
9.359999999999999432e+00
9.310000000000000497e+00
9.330000000000000071e+00
9.300000000000000711e+00
9.390000000000000568e+00
9.380000000000000782e+00
9.380000000000000782e+00
9.390000000000000568e+00
9.349999999999999645e+00
9.339999999999999858e+00
9.330000000000000071e+00
9.330000000000000071e+00
9.320000000000000284e+00
9.320000000000000284e+00
9.240000000000000213e+00
9.169999999999999929e+00
9.189999999999999503e+00
9.179999999999999716e+00
9.189999999999999503e+00
9.300000000000000711e+00
9.339999999999999858e+00
9.310000000000000497e+00
9.320000000000000284e+00
9.310000000000000497e+00
9.330000000000000071e+00
9.339999999999999858e+00
9.380000000000000782e+00
9.419999999999999929e+00
9.470000000000000639e+00
9.519999999999999574e+00
9.509999999999999787e+00
9.480000000000000426e+00
9.509999999999999787e+00
9.529999999999999361e+00
9.480000000000000426e+00
9.490000000000000213e+00
9.509999999999999787e+00
9.519999999999999574e+00
9.519999999999999574e+00
9.529999999999999361e+00
9.539999999999999147e+00
9.589999999999999858e+00
9.589999999999999858e+00
9.650000000000000355e+00
9.560000000000000497e+00
9.599999999999999645e+00
9.570000000000000284e+00
9.560000000000000497e+00
9.560000000000000497e+00
9.560000000000000497e+00
9.529999999999999361e+00
9.519999999999999574e+00
9.500000000000000000e+00
9.509999999999999787e+00
9.460000000000000853e+00
9.449999999999999289e+00
9.470000000000000639e+00
9.460000000000000853e+00
9.410000000000000142e+00
9.380000000000000782e+00
9.380000000000000782e+00
9.429999999999999716e+00
9.470000000000000639e+00
9.509999999999999787e+00
9.509999999999999787e+00
9.539999999999999147e+00
9.589999999999999858e+00
9.580000000000000071e+00
9.570000000000000284e+00
9.589999999999999858e+00
9.589999999999999858e+00
9.580000000000000071e+00
9.529999999999999361e+00
9.550000000000000711e+00
9.550000000000000711e+00
9.580000000000000071e+00
9.580000000000000071e+00
9.599999999999999645e+00
9.630000000000000782e+00
9.609999999999999432e+00
9.619999999999999218e+00
9.580000000000000071e+00
9.560000000000000497e+00
9.580000000000000071e+00
9.570000000000000284e+00
9.580000000000000071e+00
9.580000000000000071e+00
9.560000000000000497e+00
9.570000000000000284e+00
9.570000000000000284e+00
9.560000000000000497e+00
9.589999999999999858e+00
9.580000000000000071e+00
9.580000000000000071e+00
9.580000000000000071e+00
9.550000000000000711e+00
9.609999999999999432e+00
9.550000000000000711e+00
9.550000000000000711e+00
9.580000000000000071e+00
9.599999999999999645e+00
9.570000000000000284e+00
9.570000000000000284e+00
9.580000000000000071e+00
9.580000000000000071e+00
9.589999999999999858e+00
9.570000000000000284e+00
9.560000000000000497e+00
9.550000000000000711e+00
9.509999999999999787e+00
9.539999999999999147e+00
9.519999999999999574e+00
9.550000000000000711e+00
9.529999999999999361e+00
9.609999999999999432e+00
9.679999999999999716e+00
9.699999999999999289e+00
9.720000000000000639e+00
9.640000000000000568e+00
9.640000000000000568e+00
9.630000000000000782e+00
9.669999999999999929e+00
9.650000000000000355e+00
9.609999999999999432e+00
9.609999999999999432e+00
9.599999999999999645e+00
9.580000000000000071e+00
9.580000000000000071e+00
9.589999999999999858e+00
9.599999999999999645e+00
9.630000000000000782e+00
9.630000000000000782e+00
9.609999999999999432e+00
9.619999999999999218e+00
9.660000000000000142e+00
9.640000000000000568e+00
9.669999999999999929e+00
9.660000000000000142e+00
9.650000000000000355e+00
9.650000000000000355e+00
9.640000000000000568e+00
9.650000000000000355e+00
9.640000000000000568e+00
9.580000000000000071e+00
9.679999999999999716e+00
9.640000000000000568e+00
9.689999999999999503e+00
9.650000000000000355e+00
9.650000000000000355e+00
9.589999999999999858e+00
9.589999999999999858e+00
9.619999999999999218e+00
9.630000000000000782e+00
9.660000000000000142e+00
9.750000000000000000e+00
9.759999999999999787e+00
9.759999999999999787e+00
9.769999999999999574e+00
9.800000000000000711e+00
9.759999999999999787e+00
9.759999999999999787e+00
9.759999999999999787e+00
9.710000000000000853e+00
9.750000000000000000e+00
9.730000000000000426e+00
9.699999999999999289e+00
9.689999999999999503e+00
9.710000000000000853e+00
9.730000000000000426e+00
9.759999999999999787e+00
9.759999999999999787e+00
9.669999999999999929e+00
9.660000000000000142e+00
9.619999999999999218e+00
9.619999999999999218e+00
9.609999999999999432e+00
9.630000000000000782e+00
9.589999999999999858e+00
9.550000000000000711e+00
9.509999999999999787e+00
9.400000000000000355e+00
9.439999999999999503e+00
9.419999999999999929e+00
9.429999999999999716e+00
9.390000000000000568e+00
9.330000000000000071e+00
9.310000000000000497e+00
9.320000000000000284e+00
9.310000000000000497e+00
9.269999999999999574e+00
9.240000000000000213e+00
9.199999999999999289e+00
9.169999999999999929e+00
9.140000000000000568e+00
9.050000000000000711e+00
9.060000000000000497e+00
9.029999999999999361e+00
9.089999999999999858e+00
9.000000000000000000e+00
9.000000000000000000e+00
9.000000000000000000e+00
9.050000000000000711e+00
9.050000000000000711e+00
9.060000000000000497e+00
9.060000000000000497e+00
9.060000000000000497e+00
9.070000000000000284e+00
9.070000000000000284e+00
9.109999999999999432e+00
9.150000000000000355e+00
9.140000000000000568e+00
9.150000000000000355e+00
9.130000000000000782e+00
9.119999999999999218e+00
9.060000000000000497e+00
9.060000000000000497e+00
9.039999999999999147e+00
9.000000000000000000e+00
9.039999999999999147e+00
9.029999999999999361e+00
9.039999999999999147e+00
9.009999999999999787e+00
9.019999999999999574e+00
9.070000000000000284e+00
9.070000000000000284e+00
9.080000000000000071e+00
9.039999999999999147e+00
9.029999999999999361e+00
9.039999999999999147e+00
9.050000000000000711e+00
9.000000000000000000e+00
8.980000000000000426e+00
8.980000000000000426e+00
8.929999999999999716e+00
8.919999999999999929e+00
8.890000000000000568e+00
8.810000000000000497e+00
8.740000000000000213e+00
8.679999999999999716e+00
8.580000000000000071e+00
8.490000000000000213e+00
8.380000000000000782e+00
8.339999999999999858e+00
8.310000000000000497e+00
8.269999999999999574e+00
8.220000000000000639e+00
8.109999999999999432e+00
8.089999999999999858e+00
8.000000000000000000e+00
7.980000000000000426e+00
8.029999999999999361e+00
7.940000000000000391e+00
7.889999999999999680e+00
7.790000000000000036e+00
7.700000000000000178e+00
7.610000000000000320e+00
7.500000000000000000e+00
7.400000000000000355e+00
7.320000000000000284e+00
7.320000000000000284e+00
7.259999999999999787e+00
7.160000000000000142e+00
7.120000000000000107e+00
7.040000000000000036e+00
7.019999999999999574e+00
7.040000000000000036e+00
7.019999999999999574e+00
7.000000000000000000e+00
7.000000000000000000e+00
7.000000000000000000e+00
6.980000000000000426e+00
7.059999999999999609e+00
7.120000000000000107e+00
7.179999999999999716e+00
7.160000000000000142e+00
7.160000000000000142e+00
7.179999999999999716e+00
7.230000000000000426e+00
7.230000000000000426e+00
7.280000000000000249e+00
7.379999999999999893e+00
7.379999999999999893e+00
7.400000000000000355e+00
7.370000000000000107e+00
7.360000000000000320e+00
7.389999999999999680e+00
7.410000000000000142e+00
7.410000000000000142e+00
7.410000000000000142e+00
7.450000000000000178e+00
7.480000000000000426e+00
7.500000000000000000e+00
7.530000000000000249e+00
7.570000000000000284e+00
7.570000000000000284e+00
7.580000000000000071e+00
7.610000000000000320e+00
7.620000000000000107e+00
7.700000000000000178e+00
7.599999999999999645e+00
7.540000000000000036e+00
7.530000000000000249e+00
7.530000000000000249e+00
7.540000000000000036e+00
7.540000000000000036e+00
7.500000000000000000e+00
7.459999999999999964e+00
7.459999999999999964e+00
7.469999999999999751e+00
7.450000000000000178e+00
7.429999999999999716e+00
7.389999999999999680e+00
7.410000000000000142e+00
7.389999999999999680e+00
7.389999999999999680e+00
7.370000000000000107e+00
7.330000000000000071e+00
