Episode	Agent 1	Agent 2
1	1		3
2	1		1
3	1		1
4	0		0
5	2		5
6	3		1
7	0		4
8	4		4
9	4		4
10	6		3
11	2		1
12	1		0
13	3		2
14	2		2
15	3		9
16	3		4
17	1		4
18	3		0
19	6		2
20	4		2
21	5		1
22	3		3
23	0		2
24	4		3
25	1		1
26	7		1
27	7		1
28	1		2
29	2		2
30	5		5
31	7		1
32	3		1
33	7		5
34	3		2
35	0		4
36	2		2
37	6		4
38	3		2
39	1		6
40	1		1
41	2		4
42	1		1
43	4		3
44	3		4
45	3		2
46	1		4
47	2		2
48	6		7
49	2		2
50	4		6
51	6		4
52	4		5
53	5		7
54	2		4
55	5		1
56	6		6
57	7		5
58	7		5
59	3		4
60	3		4
61	7		5
62	1		4
63	11		7
64	5		9
65	6		7
66	5		2
67	4		2
68	6		5
69	5		0
70	4		11
71	9		8
72	8		6
73	4		2
74	9		2
75	6		4
76	4		5
77	3		6
78	6		5
79	6		1
80	7		2
81	6		3
82	6		2
83	6		4
84	4		3
85	4		5
86	6		6
87	7		6
88	4		1
89	4		4
90	7		5
91	11		3
92	6		5
93	10		2
94	4		5
95	4		7
96	4		2
97	5		4
98	7		1
99	2		3
100	6		5
101	5		5
102	5		3
103	4		2
104	7		3
105	9		2
106	4		2
107	7		4
108	4		3
109	4		6
110	2		3
111	3		1
112	3		2
113	4		1
114	3		1
115	2		4
116	7		5
117	5		3
118	8		6
119	5		4
120	5		1
121	4		1
122	4		4
123	3		10
124	6		3
125	3		2
126	1		3
127	3		1
128	1		3
129	4		4
130	8		4
131	0		5
132	7		2
133	2		3
134	8		5
135	2		1
136	4		1
137	3		8
138	1		7
139	1		4
140	5		2
141	2		3
142	5		3
143	6		6
144	4		4
145	3		3
146	5		2
147	7		2
148	8		11
149	8		3
150	6		5
151	3		0
152	4		2
153	7		2
154	3		2
155	7		4
156	6		2
157	5		5
158	6		6
159	4		5
160	1		8
161	8		15
162	6		2
163	10		2
164	8		11
165	7		4
166	12		6
167	3		4
168	8		2
169	8		6
170	13		4
171	10		4
172	6		4
173	10		5
174	7		5
175	7		5
176	6		16
177	6		10
178	3		7
179	6		4
180	8		6
181	5		2
182	4		5
183	5		5
184	6		2
185	4		6
186	7		5
187	5		6
188	6		8
189	2		7
190	6		3
191	7		7
192	5		6
193	13		7
194	6		6
195	2		7
196	5		8
197	3		9
198	9		7
199	4		7
200	13		5
201	4		9
202	6		9
203	6		12
204	7		11
205	7		5
206	26		6
207	9		9
208	5		7
209	6		7
210	9		8
211	7		4
212	15		10
213	7		8
214	13		6
215	9		9
216	12		5
217	14		9
218	7		6
219	8		1
220	7		8
221	12		5
222	11		5
223	8		7
224	16		4
225	7		8
226	7		4
227	14		10
228	13		7
229	22		7
230	7		4
231	13		5
232	13		3
233	7		8
234	10		3
235	7		4
236	6		7
237	5		6
238	6		9
239	11		8
240	13		3
241	7		11
242	11		12
243	6		10
244	6		11
245	4		6
246	4		14
247	7		11
248	5		12
249	7		15
250	10		8
251	6		8
252	2		8
253	10		12
254	6		7
255	7		5
256	21		9
257	6		11
258	14		10
259	9		12
260	9		8
261	11		9
262	9		10
263	3		4
264	8		12
265	11		7
266	7		11
267	7		10
268	11		7
269	4		11
270	17		7
271	13		11
272	6		8
273	1		7
274	6		6
275	7		10
276	7		8
277	8		7
278	5		12
279	9		7
280	8		7
281	8		6
282	9		8
283	9		10
284	9		10
285	6		7
286	6		7
287	7		8
288	6		8
289	10		4
290	6		9
291	7		8
292	9		6
293	7		8
294	9		6
295	9		7
296	10		4
297	6		15
298	7		8
299	12		11
300	9		11
301	11		5
302	10		6
303	9		6
304	13		12
305	10		6
306	19		3
307	12		4
308	14		7
309	14		4
310	12		7
311	8		7
312	14		4
313	9		5
314	7		5
315	13		8
316	11		4
317	8		5
318	11		4
319	16		4
320	12		6
321	8		7
322	9		6
323	6		4
324	7		6
325	7		4
326	4		8
327	7		4
328	4		3
329	1		10
330	4		8
331	4		8
332	2		10
333	2		10
334	5		8
335	6		7
336	6		9
337	8		13
338	3		9
339	2		10
340	3		4
341	6		13
342	9		5
343	9		10
344	10		4
345	8		8
346	8		12
347	3		11
348	12		12
349	5		7
350	10		11
351	7		8
352	3		13
353	9		10
354	10		9
355	6		16
356	12		3
357	9		4
358	5		7
359	5		8
360	2		5
361	3		3
362	11		10
363	8		9
364	7		4
365	7		9
366	8		9
367	3		9
368	4		9
369	6		7
370	9		8
371	10		8
372	9		5
373	4		8
374	7		11
375	14		8
376	11		5
377	2		0
378	10		3
379	9		8
380	10		7
381	11		8
382	5		5
383	6		2
384	6		8
385	8		9
386	6		7
387	4		10
388	5		3
389	6		6
390	6		5
391	7		5
392	8		4
393	7		4
394	9		5
395	8		8
396	4		5
397	8		6
398	9		5
399	8		10
400	11		7
401	8		13
402	9		7
403	8		4
404	9		7
405	9		10
406	9		9
407	8		4
408	7		11
409	8		5
410	5		8
411	5		4
412	8		2
413	5		11
414	9		9
415	14		7
416	8		5
417	10		7
418	7		10
419	10		8
420	10		10
421	10		8
422	7		11
423	8		12
424	9		7
425	7		6
426	7		9
427	9		7
428	6		9
429	9		7
430	9		8
431	12		6
432	8		8
433	4		5
434	9		6
435	9		9
436	13		11
437	10		9
438	10		8
439	10		6
440	11		8
441	9		5
442	9		8
443	6		13
444	10		8
445	8		7
446	6		9
447	9		4
448	5		12
449	6		9
450	10		6
451	5		12
452	5		10
453	7		5
454	3		10
455	4		13
456	2		1
457	7		5
458	7		11
459	7		6
460	1		9
461	7		10
462	11		15
463	11		11
464	10		19
465	11		9
466	2		6
467	4		6
468	6		9
469	5		12
470	9		5
471	8		11
472	7		8
473	3		3
474	6		3
475	11		5
476	8		6
477	9		7
478	9		8
479	10		6
480	10		10
481	9		8
482	9		8
483	6		11
484	13		5
485	10		10
486	8		9
487	10		13
488	10		10
489	7		9
490	11		9
491	10		10
492	9		12
493	10		8
494	6		10
495	4		11
496	12		6
497	9		4
498	10		6
499	10		10
500	10		4
501	7		8
502	14		9
503	8		6
504	6		8
505	8		5
506	5		6
507	6		4
508	8		4
509	5		12
510	8		5
511	9		11
512	10		8
513	8		7
514	5		7
515	10		3
516	13		8
517	7		9
518	4		7
519	6		4
520	7		10
521	9		4
522	8		10
523	7		6
524	6		10
525	8		12
526	18		7
527	7		7
528	11		5
529	5		2
530	5		4
531	6		8
532	9		5
533	5		8
534	10		12
535	5		5
536	5		12
537	4		9
538	8		10
539	3		7
540	4		8
541	7		8
542	2		11
543	4		8
544	1		4
545	8		9
546	4		11
547	4		9
548	4		10
549	5		12
550	3		4
551	7		6
552	7		6
553	8		7
554	7		9
555	6		12
556	2		7
557	9		13
558	6		9
559	4		11
560	11		10
561	11		7
562	6		9
563	7		8
564	8		9
565	10		6
566	10		12
567	5		4
568	8		10
569	14		9
570	9		9
571	2		8
572	5		7
573	5		8
574	6		8
575	8		9
576	4		3
577	8		12
578	12		5
579	9		6
580	12		7
581	10		4
582	8		5
583	5		5
584	8		8
585	8		7
586	9		10
587	8		9
588	4		3
589	7		7
590	11		5
591	12		15
592	10		5
593	7		11
594	6		7
595	12		10
596	8		6
597	7		13
598	8		8
599	11		13
600	10		5
601	10		9
602	8		6
603	2		4
604	8		2
605	9		7
606	6		8
607	8		8
608	7		5
609	8		7
610	7		5
611	6		10
612	3		2
613	6		3
614	8		20
615	9		6
616	6		9
617	6		4
618	11		4
619	8		8
620	8		6
621	11		8
622	9		3
623	8		7
624	8		10
625	4		7
626	5		11
627	4		3
628	8		9
629	6		5
630	6		7
631	7		6
632	9		8
633	10		9
634	5		10
635	11		9
636	6		14
637	6		5
638	7		6
639	6		8
640	9		5
641	12		6
642	8		8
643	12		7
644	13		6
645	6		2
646	7		2
647	2		1
648	8		6
649	5		4
650	11		7
651	6		7
652	9		5
653	2		5
654	8		6
655	10		8
656	14		6
657	5		5
658	8		10
659	8		3
660	8		6
661	8		8
662	4		6
663	9		7
664	9		6
665	12		7
666	5		9
667	5		7
668	5		9
669	6		6
670	7		9
671	10		7
672	4		10
673	7		6
674	5		10
675	10		6
676	7		8
677	10		11
678	11		10
679	6		12
680	6		3
681	8		9
682	11		10
683	5		13
684	10		11
685	3		3
686	7		10
687	4		9
688	10		7
689	9		11
690	6		16
691	12		9
692	5		6
693	11		9
694	8		6
695	6		11
696	5		7
697	8		7
698	3		4
699	5		4
700	11		7
701	9		10
702	9		8
703	8		9
704	10		9
705	6		5
706	12		17
707	10		11
708	10		7
709	6		7
710	8		9
711	5		10
712	6		6
713	7		11
714	7		10
715	7		5
716	5		8
717	6		7
718	4		14
719	6		11
720	10		5
721	4		9
722	9		7
723	5		11
724	9		9
725	3		11
726	0		12
727	13		7
728	1		3
729	7		13
730	4		5
731	7		12
732	8		10
733	6		8
734	6		6
735	6		5
736	12		4
737	6		6
738	2		4
739	9		8
740	8		5
741	9		7
742	5		5
743	9		5
744	7		8
745	13		4
746	10		5
747	5		4
748	9		5
749	7		7
750	8		6
751	5		7
752	8		7
753	4		9
754	8		13
755	13		7
756	8		5
757	7		11
758	10		10
759	10		9
760	4		8
761	9		7
762	10		5
763	10		10
764	9		14
765	6		5
766	8		5
767	9		5
768	5		12
769	9		7
770	10		7
771	8		7
772	10		9
773	5		8
774	7		6
775	9		7
776	9		5
777	7		7
778	10		6
779	9		6
780	7		12
781	7		3
782	7		6
783	11		4
784	8		9
785	2		1
786	9		5
787	7		4
788	7		10
789	8		6
790	7		7
791	10		13
792	5		8
793	5		7
794	6		7
795	7		6
796	4		10
797	7		5
798	6		11
799	10		6
800	7		8
801	6		7
802	5		1
803	7		7
804	8		7
805	8		7
806	8		8
807	5		4
808	6		8
809	7		7
810	3		8
811	10		8
812	5		8
813	7		9
814	6		6
815	7		4
816	9		7
817	8		9
818	7		7
819	7		4
820	8		10
821	8		10
822	6		8
823	10		9
824	5		9
825	9		5
826	7		5
827	5		4
828	9		8
829	3		7
830	6		9
831	6		9
832	10		7
833	5		5
834	7		8
835	11		14
836	15		10
837	11		8
838	9		13
839	8		11
840	11		17
841	11		12
842	9		11
843	4		5
844	9		8
845	8		11
846	5		8
847	5		5
848	5		9
849	4		6
850	10		8
851	6		9
852	8		5
853	8		4
854	9		6
855	4		0
856	4		2
857	5		2
858	7		6
859	6		7
860	9		5
861	8		1
862	6		2
863	4		5
864	1		1
865	6		6
866	4		6
867	5		6
868	5		7
869	5		4
870	5		7
871	8		10
872	8		6
873	5		7
874	5		7
875	5		5
876	5		8
877	6		3
878	1		3
879	5		8
880	3		5
881	9		6
882	2		1
883	7		6
884	8		6
885	7		5
886	9		3
887	11		4
888	10		10
889	12		3
890	9		4
891	12		5
892	10		9
893	10		8
894	9		5
895	8		8
896	5		9
897	7		3
898	6		3
899	9		8
900	8		7
901	8		7
902	6		5
903	9		8
904	8		8
905	8		6
906	9		8
907	12		8
908	8		8
909	7		10
910	5		7
911	8		6
912	10		8
913	7		6
914	4		6
915	6		7
916	6		7
917	9		9
918	10		8
919	5		3
920	4		5
921	6		3
922	5		4
923	2		4
924	2		1
925	2		0
926	3		5
927	1		1
928	4		6
929	3		3
930	1		0
931	2		3
932	1		2
933	2		8
934	0		15
935	2		2
936	0		7
937	2		2
938	2		2
939	1		5
940	1		2
941	1		3
942	0		4
943	4		8
944	2		5
945	23		2
946	9		2
947	3		3
948	6		7
949	7		8
950	3		7
951	5		7
952	4		9
953	7		7
954	9		12
955	6		9
956	8		7
957	9		8
958	12		10
959	12		6
960	12		10
961	6		11
962	6		5
963	5		11
964	8		8
965	9		7
966	5		11
967	4		6
968	4		8
969	13		8
970	14		9
971	8		6
972	8		9
973	9		9
974	9		10
975	11		7
976	14		8
977	12		3
978	2		5
979	12		4
980	11		3
981	13		2
982	12		2
983	4		1
984	8		0
985	2		5
986	8		6
987	12		2
988	11		1
989	8		2
990	9		4
991	10		1
992	6		8
993	9		6
994	8		3
995	7		2
996	9		5
997	4		3
998	4		3
999	4		5
1000	6		3
