Episode	Agent 1	Agent 2
1	1		1
2	0		0
3	0		0
4	1		0
5	0		0
6	0		1
7	1		0
8	0		0
9	1		1
10	1		0
11	2		0
12	1		0
13	1		0
14	1		0
15	0		2
16	1		1
17	2		0
18	1		0
19	0		2
20	1		0
21	1		1
22	5		0
23	4		0
24	3		0
25	4		0
26	3		0
27	3		0
28	3		0
29	2		0
30	2		0
31	4		0
32	4		0
33	1		1
34	3		0
35	2		1
36	2		0
37	4		0
38	2		0
39	5		0
40	2		1
41	4		0
42	4		0
43	3		0
44	2		1
45	3		0
46	3		2
47	2		2
48	1		2
49	5		0
50	5		0
51	3		0
52	4		1
53	5		0
54	3		1
55	3		2
56	4		2
57	3		2
58	4		1
59	5		1
60	5		0
61	4		1
62	6		1
63	4		2
64	4		4
65	5		0
66	3		1
67	6		0
68	6		1
69	6		1
70	6		0
71	5		1
72	7		2
73	5		2
74	5		3
75	4		1
76	6		1
77	5		3
78	5		1
79	7		2
80	6		1
81	8		2
82	5		3
83	9		1
84	8		0
85	6		2
86	6		3
87	3		1
88	5		2
89	6		2
90	9		2
91	3		4
92	8		0
93	8		2
94	9		2
95	7		1
96	10		1
97	10		3
98	11		1
99	8		2
100	10		0
101	8		1
102	10		1
103	8		2
104	11		1
105	13		1
106	9		3
107	11		0
108	10		2
109	12		0
110	10		3
111	10		0
112	18		0
113	9		1
114	12		1
115	12		1
116	9		3
117	7		1
118	9		4
119	11		0
120	10		2
121	9		3
122	8		1
123	13		1
124	7		3
125	8		4
126	9		4
127	9		3
128	11		4
129	12		0
130	13		4
131	10		3
132	5		2
133	11		4
134	10		2
135	13		3
136	10		3
137	7		5
138	9		7
139	9		4
140	7		1
141	12		4
142	13		4
143	13		2
144	8		4
145	14		1
146	6		1
147	12		2
148	8		2
149	5		3
150	7		1
151	6		4
152	10		2
153	18		2
154	5		6
155	9		3
156	11		3
157	11		3
158	14		2
159	21		0
160	12		2
161	10		4
162	12		1
163	14		3
164	13		1
165	16		3
166	21		1
167	17		4
168	18		5
169	13		5
170	24		2
171	9		2
172	21		1
173	21		1
174	15		3
175	9		3
176	10		2
177	7		4
178	11		5
179	10		0
180	21		2
181	20		2
182	8		1
183	14		4
184	14		4
185	15		2
186	9		4
187	14		3
188	20		2
189	11		2
190	15		1
191	14		2
192	16		2
193	18		1
194	15		2
195	15		3
196	21		1
197	22		1
198	21		3
199	17		3
200	17		2
201	12		4
202	13		3
203	14		1
204	13		2
205	21		0
206	14		1
207	15		3
208	17		3
209	20		2
210	14		1
211	13		3
212	25		1
213	16		2
214	18		2
215	18		2
216	11		5
217	18		3
218	20		2
219	11		1
220	14		2
221	22		3
222	12		3
223	15		3
224	14		6
225	6		7
226	14		5
227	14		4
228	22		3
229	8		7
230	11		5
231	8		4
232	18		5
233	9		5
234	7		4
235	8		6
236	15		6
237	18		3
238	15		3
239	11		5
240	7		7
241	9		7
242	9		7
243	7		8
244	20		1
245	15		6
246	18		5
247	10		8
248	19		6
249	15		7
250	13		8
251	14		5
252	15		3
253	20		6
254	12		5
255	14		5
256	19		6
257	17		7
258	16		7
259	10		8
260	17		2
261	24		3
262	9		8
263	18		7
264	10		7
265	13		4
266	13		7
267	13		7
268	23		6
269	14		6
270	14		6
271	15		5
272	12		8
273	9		8
274	22		8
275	19		8
276	16		5
277	17		7
278	20		5
279	23		6
280	26		7
281	14		7
282	25		6
283	23		3
284	8		2
285	28		5
286	31		5
287	37		3
288	15		5
289	14		5
290	37		3
291	32		2
292	31		5
293	41		1
294	26		6
295	28		2
296	19		8
297	39		2
298	37		5
299	29		5
300	42		1
301	17		5
302	38		4
303	40		2
304	46		1
305	33		2
306	35		4
307	25		5
308	44		2
309	40		2
310	41		3
311	42		3
312	42		3
313	41		3
314	29		5
315	39		4
316	14		3
317	29		1
318	26		5
319	46		2
320	29		4
321	27		3
322	24		6
323	44		1
324	47		1
325	33		4
326	33		6
327	27		4
328	49		1
329	36		4
330	37		5
331	40		2
332	38		3
333	45		0
334	53		2
335	32		4
336	43		1
337	40		3
338	38		6
339	46		4
340	51		1
341	53		2
342	44		1
343	29		6
344	46		3
345	43		5
346	48		3
347	35		4
348	35		2
349	37		3
350	47		3
351	47		1
352	34		6
353	27		6
354	41		3
355	36		6
356	45		5
357	48		4
358	30		4
359	45		3
360	49		2
361	58		1
362	53		1
363	49		1
364	38		5
365	49		2
366	52		1
367	53		0
368	53		2
369	38		2
370	51		3
371	36		4
372	40		4
373	50		2
374	49		2
375	50		2
376	43		3
377	50		3
378	26		3
379	34		6
380	49		1
381	51		1
382	50		3
383	53		2
384	42		6
385	46		3
386	43		4
387	62		1
388	60		1
389	56		2
390	54		2
391	54		1
392	54		2
393	59		2
394	40		3
395	50		1
396	39		3
397	56		3
398	54		2
399	42		1
400	61		1
401	58		2
402	54		2
403	49		1
404	39		3
405	64		1
406	56		1
407	57		1
408	57		3
409	49		2
410	57		2
411	56		1
412	63		2
413	59		2
414	61		2
415	63		1
416	43		3
417	50		4
418	28		1
419	48		2
420	41		3
421	66		1
422	61		2
423	46		3
424	51		1
425	31		5
426	40		3
427	41		4
428	56		2
429	65		1
430	62		2
431	50		4
432	27		3
433	42		2
434	54		3
435	58		3
436	59		1
437	61		2
438	55		2
439	40		6
440	44		4
441	65		1
442	59		2
443	62		1
444	62		2
445	58		1
446	58		2
447	68		1
448	65		1
449	58		2
450	55		2
451	43		3
452	57		1
453	46		1
454	55		2
455	59		2
456	52		4
457	52		2
458	45		3
459	46		4
460	38		4
461	56		2
462	42		3
463	63		1
464	38		5
465	36		4
466	37		3
467	47		2
468	48		2
469	54		2
470	24		6
471	56		2
472	62		1
473	20		6
474	57		2
475	58		1
476	51		2
477	48		3
478	60		1
479	59		2
480	58		1
481	60		2
482	47		3
483	61		2
484	65		1
485	62		1
486	44		3
487	56		1
488	61		1
489	59		3
490	64		1
491	54		3
492	16		5
493	52		2
494	25		2
495	54		3
496	56		4
497	53		3
498	62		0
499	58		1
500	61		1
501	61		1
502	22		4
503	57		2
504	39		2
505	64		1
506	51		3
507	54		2
508	54		3
509	42		2
510	36		2
511	35		3
512	58		2
513	36		3
514	49		0
515	49		3
516	35		0
517	15		2
518	45		2
519	54		2
520	31		4
521	31		3
522	46		4
523	56		2
524	37		4
525	50		4
526	19		3
527	36		4
528	35		4
529	27		6
530	41		3
531	59		1
532	56		3
533	52		1
534	48		2
535	33		4
536	42		2
537	27		1
538	58		2
539	41		4
540	42		3
541	51		2
542	53		2
543	28		3
544	50		1
545	51		2
546	48		4
547	49		3
548	20		4
549	10		3
550	42		2
551	23		4
552	45		3
553	53		2
554	39		4
555	42		5
556	39		3
557	52		4
558	32		6
559	25		4
560	39		5
561	42		5
562	13		6
563	55		3
564	23		2
565	38		3
566	58		1
567	24		3
568	56		2
569	60		1
570	52		4
571	67		1
572	50		2
573	60		2
574	22		6
575	63		1
576	46		2
577	13		5
578	17		0
579	44		4
580	41		4
581	26		5
582	7		5
583	46		2
584	40		0
585	42		1
586	31		4
587	60		1
588	44		2
589	51		2
590	15		5
591	35		1
592	41		4
593	39		6
594	45		1
595	47		4
596	60		2
597	56		3
598	47		2
599	52		1
600	60		2
601	53		1
602	57		1
603	63		1
604	59		1
605	50		2
606	57		1
607	43		3
608	49		2
609	52		3
610	12		2
611	49		1
612	64		1
613	46		3
614	66		1
615	58		1
616	53		3
617	49		4
618	44		5
619	35		3
620	23		5
621	62		1
622	56		1
623	48		1
624	58		3
625	55		2
626	52		2
627	59		2
628	59		3
629	39		5
630	61		1
631	4		1
632	64		1
633	37		2
634	32		2
635	42		2
636	44		2
637	12		5
638	38		5
639	47		3
640	22		4
641	46		4
642	43		4
643	21		4
644	42		1
645	34		3
646	50		3
647	52		1
648	32		4
649	59		2
650	40		3
651	43		5
652	35		2
653	62		0
654	57		2
655	57		2
656	52		1
657	51		3
658	34		2
659	62		1
660	37		3
661	54		2
662	52		2
663	35		3
664	44		2
665	61		1
666	53		2
667	56		1
668	51		3
669	18		4
670	62		1
671	63		1
672	61		1
673	11		3
674	65		1
675	47		3
676	45		2
677	54		1
678	47		0
679	51		1
680	54		1
681	45		1
682	54		2
683	60		1
684	40		3
685	59		1
686	52		1
687	58		1
688	50		2
689	65		0
690	56		2
691	61		1
692	39		3
693	50		2
694	56		1
695	60		1
696	68		1
697	57		1
698	51		1
699	49		1
700	50		0
701	56		2
702	60		2
703	54		2
704	50		1
705	44		3
706	51		1
707	27		4
708	3		1
709	40		3
710	56		2
711	45		4
712	40		2
713	33		5
714	26		2
715	53		1
716	38		2
717	35		2
718	44		3
719	51		1
720	52		3
721	44		1
722	58		1
723	44		1
724	61		1
725	10		1
726	61		1
727	61		0
728	57		1
729	57		2
730	52		1
731	48		2
732	32		1
733	47		1
734	27		2
735	16		1
736	55		2
737	13		2
738	29		1
739	24		0
740	11		1
741	29		2
742	32		3
743	36		1
744	33		4
745	62		1
746	18		3
747	29		1
748	37		1
749	18		1
750	32		2
751	40		2
752	40		3
753	31		3
754	33		2
755	27		3
756	49		1
757	54		0
758	59		1
759	26		2
760	44		3
761	44		1
762	2		1
763	38		3
764	58		1
765	25		6
766	50		2
767	26		1
768	61		1
769	41		0
770	62		1
771	49		1
772	41		2
773	36		1
774	56		2
775	63		1
776	23		3
777	59		1
778	26		1
779	53		1
780	55		1
781	52		1
782	21		3
783	30		4
784	52		2
785	40		2
786	62		1
787	54		2
788	44		4
789	53		2
790	64		1
791	37		2
792	44		1
793	34		1
794	61		0
795	63		1
796	59		1
797	60		1
798	61		1
799	52		1
800	54		1
801	54		1
802	59		2
803	57		2
804	61		1
805	59		2
806	64		1
807	67		1
808	58		1
809	59		2
810	57		1
811	65		1
812	57		2
813	67		1
814	65		0
815	66		1
816	56		2
817	64		1
818	60		0
819	63		0
820	64		2
821	56		2
822	64		1
823	64		0
824	54		1
825	60		2
826	52		1
827	64		1
828	64		1
829	51		1
830	68		1
831	64		3
832	57		3
833	60		0
834	59		2
835	66		1
836	38		3
837	57		3
838	43		4
839	55		1
840	70		1
841	66		0
842	65		1
843	58		0
844	66		0
845	45		1
846	50		2
847	59		1
848	50		1
849	57		3
850	64		1
851	67		1
852	38		3
853	60		1
854	32		1
855	68		1
856	61		1
857	69		0
858	59		1
859	39		2
860	59		2
861	66		1
862	45		1
863	63		1
864	42		2
865	67		1
866	28		5
867	55		2
868	65		1
869	51		1
870	27		1
871	63		1
872	65		1
873	59		1
874	65		1
875	55		1
876	65		1
877	63		1
878	59		1
879	56		1
880	63		2
881	69		1
882	53		2
883	54		2
884	59		2
885	65		2
886	65		1
887	55		1
888	54		1
889	62		2
890	64		2
891	54		2
892	67		1
893	22		1
894	59		1
895	54		3
896	68		1
897	59		1
898	63		2
899	43		1
900	65		1
901	63		1
902	51		2
903	49		2
904	55		2
905	48		2
906	65		1
907	63		1
908	67		1
909	62		1
910	57		2
911	61		1
912	65		1
913	65		1
914	30		1
915	63		1
916	66		1
917	59		1
918	64		1
919	46		1
920	55		2
921	60		2
922	64		1
923	65		1
924	59		2
925	61		1
926	55		2
927	65		1
928	62		1
929	65		0
930	62		1
931	66		1
932	69		1
933	35		1
934	62		1
935	59		1
936	66		1
937	66		2
938	61		2
939	56		1
940	55		2
941	61		2
942	55		2
943	64		1
944	61		2
945	65		1
946	42		4
947	65		1
948	66		1
949	65		1
950	59		3
951	51		2
952	3		2
953	62		2
954	52		1
955	65		1
956	53		2
957	42		2
958	39		2
959	63		1
960	10		2
961	61		1
962	60		1
963	64		1
964	55		2
965	57		1
966	61		1
967	58		1
968	58		1
969	57		2
970	66		1
971	31		3
972	58		1
973	64		1
974	61		1
975	45		2
976	56		1
977	46		2
978	52		2
979	67		1
980	61		1
981	60		1
982	54		3
983	62		2
984	66		0
985	55		0
986	50		1
987	47		2
988	65		1
989	57		2
990	67		1
991	67		1
992	53		2
993	54		2
994	69		1
995	66		0
996	40		3
997	64		3
998	51		1
999	69		1
1000	61		1
