0.000000000000000000e+00
0.000000000000000000e+00
0.000000000000000000e+00
0.000000000000000000e+00
0.000000000000000000e+00
0.000000000000000000e+00
0.000000000000000000e+00
0.000000000000000000e+00
0.000000000000000000e+00
0.000000000000000000e+00
0.000000000000000000e+00
0.000000000000000000e+00
0.000000000000000000e+00
0.000000000000000000e+00
0.000000000000000000e+00
0.000000000000000000e+00
0.000000000000000000e+00
0.000000000000000000e+00
0.000000000000000000e+00
0.000000000000000000e+00
0.000000000000000000e+00
0.000000000000000000e+00
0.000000000000000000e+00
0.000000000000000000e+00
0.000000000000000000e+00
0.000000000000000000e+00
0.000000000000000000e+00
0.000000000000000000e+00
0.000000000000000000e+00
0.000000000000000000e+00
0.000000000000000000e+00
0.000000000000000000e+00
0.000000000000000000e+00
0.000000000000000000e+00
0.000000000000000000e+00
0.000000000000000000e+00
0.000000000000000000e+00
0.000000000000000000e+00
0.000000000000000000e+00
0.000000000000000000e+00
0.000000000000000000e+00
0.000000000000000000e+00
0.000000000000000000e+00
0.000000000000000000e+00
0.000000000000000000e+00
0.000000000000000000e+00
0.000000000000000000e+00
0.000000000000000000e+00
0.000000000000000000e+00
0.000000000000000000e+00
0.000000000000000000e+00
0.000000000000000000e+00
0.000000000000000000e+00
0.000000000000000000e+00
0.000000000000000000e+00
0.000000000000000000e+00
0.000000000000000000e+00
0.000000000000000000e+00
0.000000000000000000e+00
0.000000000000000000e+00
0.000000000000000000e+00
0.000000000000000000e+00
0.000000000000000000e+00
0.000000000000000000e+00
0.000000000000000000e+00
0.000000000000000000e+00
0.000000000000000000e+00
0.000000000000000000e+00
0.000000000000000000e+00
0.000000000000000000e+00
0.000000000000000000e+00
0.000000000000000000e+00
0.000000000000000000e+00
0.000000000000000000e+00
0.000000000000000000e+00
0.000000000000000000e+00
0.000000000000000000e+00
0.000000000000000000e+00
0.000000000000000000e+00
0.000000000000000000e+00
1.234567901234567833e-02
2.439024390243902524e-02
3.614457831325301046e-02
3.571428571428571230e-02
3.529411764705882304e-02
3.488372093023255766e-02
4.597701149425287293e-02
4.545454545454545581e-02
4.494382022471909988e-02
4.444444444444444614e-02
4.395604395604395948e-02
4.347826086956521618e-02
4.301075268817204644e-02
4.255319148936170109e-02
4.210526315789473589e-02
4.166666666666666435e-02
4.123711340206185488e-02
4.081632653061224164e-02
4.040404040404040747e-02
4.000000000000000083e-02
4.000000000000000083e-02
4.000000000000000083e-02
4.000000000000000083e-02
4.000000000000000083e-02
4.000000000000000083e-02
4.000000000000000083e-02
4.000000000000000083e-02
4.000000000000000083e-02
4.000000000000000083e-02
4.000000000000000083e-02
4.000000000000000083e-02
4.000000000000000083e-02
4.000000000000000083e-02
4.000000000000000083e-02
4.000000000000000083e-02
5.000000000000000278e-02
5.000000000000000278e-02
5.000000000000000278e-02
5.000000000000000278e-02
5.000000000000000278e-02
5.999999999999999778e-02
5.999999999999999778e-02
5.999999999999999778e-02
5.999999999999999778e-02
5.999999999999999778e-02
5.999999999999999778e-02
5.999999999999999778e-02
5.999999999999999778e-02
5.999999999999999778e-02
5.999999999999999778e-02
5.999999999999999778e-02
5.999999999999999778e-02
5.999999999999999778e-02
5.999999999999999778e-02
8.000000000000000167e-02
8.000000000000000167e-02
8.999999999999999667e-02
8.999999999999999667e-02
8.999999999999999667e-02
8.999999999999999667e-02
1.100000000000000006e-01
1.100000000000000006e-01
1.300000000000000044e-01
1.300000000000000044e-01
1.400000000000000133e-01
1.400000000000000133e-01
1.400000000000000133e-01
1.400000000000000133e-01
1.499999999999999944e-01
1.499999999999999944e-01
1.499999999999999944e-01
1.499999999999999944e-01
1.700000000000000122e-01
1.700000000000000122e-01
1.700000000000000122e-01
1.700000000000000122e-01
1.799999999999999933e-01
1.799999999999999933e-01
1.799999999999999933e-01
1.900000000000000022e-01
1.900000000000000022e-01
2.000000000000000111e-01
2.099999999999999922e-01
2.200000000000000011e-01
2.300000000000000100e-01
2.500000000000000000e-01
2.600000000000000089e-01
2.600000000000000089e-01
2.800000000000000266e-01
3.300000000000000155e-01
3.300000000000000155e-01
3.300000000000000155e-01
3.400000000000000244e-01
3.400000000000000244e-01
3.400000000000000244e-01
3.400000000000000244e-01
3.499999999999999778e-01
3.599999999999999867e-01
3.599999999999999867e-01
3.800000000000000044e-01
3.800000000000000044e-01
3.800000000000000044e-01
3.699999999999999956e-01
3.699999999999999956e-01
3.699999999999999956e-01
3.699999999999999956e-01
3.599999999999999867e-01
3.699999999999999956e-01
3.800000000000000044e-01
4.000000000000000222e-01
4.099999999999999756e-01
4.199999999999999845e-01
4.400000000000000022e-01
4.500000000000000111e-01
4.500000000000000111e-01
4.500000000000000111e-01
4.699999999999999734e-01
5.000000000000000000e-01
5.100000000000000089e-01
5.100000000000000089e-01
5.100000000000000089e-01
5.200000000000000178e-01
5.300000000000000266e-01
5.400000000000000355e-01
5.699999999999999512e-01
5.699999999999999512e-01
5.899999999999999689e-01
5.899999999999999689e-01
6.300000000000000044e-01
6.400000000000000133e-01
6.600000000000000311e-01
6.899999999999999467e-01
6.999999999999999556e-01
7.099999999999999645e-01
7.399999999999999911e-01
7.399999999999999911e-01
7.399999999999999911e-01
7.600000000000000089e-01
7.700000000000000178e-01
7.800000000000000266e-01
7.800000000000000266e-01
7.900000000000000355e-01
8.100000000000000533e-01
8.299999999999999600e-01
8.299999999999999600e-01
8.599999999999999867e-01
8.699999999999999956e-01
8.900000000000000133e-01
8.900000000000000133e-01
9.000000000000000222e-01
9.000000000000000222e-01
9.200000000000000400e-01
9.399999999999999467e-01
9.399999999999999467e-01
9.300000000000000488e-01
9.399999999999999467e-01
9.499999999999999556e-01
9.699999999999999734e-01
9.699999999999999734e-01
9.699999999999999734e-01
9.499999999999999556e-01
9.499999999999999556e-01
9.300000000000000488e-01
9.499999999999999556e-01
9.499999999999999556e-01
9.799999999999999822e-01
9.799999999999999822e-01
1.000000000000000000e+00
1.000000000000000000e+00
1.010000000000000009e+00
1.010000000000000009e+00
1.030000000000000027e+00
1.040000000000000036e+00
1.060000000000000053e+00
1.070000000000000062e+00
1.110000000000000098e+00
1.110000000000000098e+00
1.139999999999999902e+00
1.149999999999999911e+00
1.159999999999999920e+00
1.199999999999999956e+00
1.209999999999999964e+00
1.219999999999999973e+00
1.229999999999999982e+00
1.229999999999999982e+00
1.229999999999999982e+00
1.219999999999999973e+00
1.260000000000000009e+00
1.250000000000000000e+00
1.199999999999999956e+00
1.229999999999999982e+00
1.239999999999999991e+00
1.239999999999999991e+00
1.290000000000000036e+00
1.320000000000000062e+00
1.330000000000000071e+00
1.350000000000000089e+00
1.370000000000000107e+00
1.419999999999999929e+00
1.429999999999999938e+00
1.439999999999999947e+00
1.500000000000000000e+00
1.540000000000000036e+00
1.550000000000000044e+00
1.629999999999999893e+00
1.709999999999999964e+00
1.820000000000000062e+00
1.840000000000000080e+00
1.860000000000000098e+00
1.919999999999999929e+00
2.000000000000000000e+00
2.060000000000000053e+00
2.140000000000000124e+00
2.180000000000000160e+00
2.250000000000000000e+00
2.290000000000000036e+00
2.379999999999999893e+00
2.450000000000000178e+00
2.509999999999999787e+00
2.629999999999999893e+00
2.660000000000000142e+00
2.750000000000000000e+00
2.839999999999999858e+00
2.970000000000000195e+00
3.029999999999999805e+00
3.120000000000000107e+00
3.160000000000000142e+00
3.259999999999999787e+00
3.319999999999999840e+00
3.430000000000000160e+00
3.520000000000000018e+00
3.620000000000000107e+00
3.740000000000000213e+00
3.790000000000000036e+00
3.859999999999999876e+00
3.870000000000000107e+00
3.950000000000000178e+00
4.000000000000000000e+00
4.099999999999999645e+00
4.150000000000000355e+00
4.200000000000000178e+00
4.240000000000000213e+00
4.330000000000000071e+00
4.450000000000000178e+00
4.530000000000000249e+00
4.599999999999999645e+00
4.639999999999999680e+00
4.759999999999999787e+00
4.860000000000000320e+00
4.969999999999999751e+00
5.070000000000000284e+00
5.160000000000000142e+00
5.269999999999999574e+00
5.429999999999999716e+00
5.519999999999999574e+00
5.620000000000000107e+00
5.719999999999999751e+00
5.820000000000000284e+00
5.959999999999999964e+00
6.099999999999999645e+00
6.250000000000000000e+00
6.370000000000000107e+00
6.429999999999999716e+00
6.530000000000000249e+00
6.639999999999999680e+00
6.740000000000000213e+00
6.839999999999999858e+00
6.910000000000000142e+00
7.000000000000000000e+00
7.120000000000000107e+00
7.240000000000000213e+00
7.330000000000000071e+00
7.370000000000000107e+00
7.469999999999999751e+00
7.570000000000000284e+00
7.679999999999999716e+00
7.809999999999999609e+00
7.860000000000000320e+00
7.980000000000000426e+00
8.109999999999999432e+00
8.240000000000000213e+00
8.380000000000000782e+00
8.500000000000000000e+00
8.599999999999999645e+00
8.730000000000000426e+00
8.859999999999999432e+00
9.000000000000000000e+00
9.119999999999999218e+00
9.210000000000000853e+00
9.369999999999999218e+00
9.429999999999999716e+00
9.529999999999999361e+00
9.669999999999999929e+00
9.769999999999999574e+00
9.880000000000000782e+00
1.000000000000000000e+01
1.010999999999999943e+01
1.014000000000000057e+01
1.019999999999999929e+01
1.032000000000000028e+01
1.044999999999999929e+01
1.053999999999999915e+01
1.066000000000000014e+01
1.076999999999999957e+01
1.083000000000000007e+01
1.086999999999999922e+01
1.094999999999999929e+01
1.109999999999999964e+01
1.124000000000000021e+01
1.133000000000000007e+01
1.139000000000000057e+01
1.149000000000000021e+01
1.158000000000000007e+01
1.165000000000000036e+01
1.173000000000000043e+01
1.180000000000000071e+01
1.186999999999999922e+01
1.193999999999999950e+01
1.198000000000000043e+01
1.205000000000000071e+01
1.219999999999999929e+01
1.225999999999999979e+01
1.231000000000000050e+01
1.227999999999999936e+01
1.239000000000000057e+01
1.246000000000000085e+01
1.257000000000000028e+01
1.265000000000000036e+01
1.268999999999999950e+01
1.275000000000000000e+01
1.280000000000000071e+01
1.286999999999999922e+01
1.291000000000000014e+01
1.303999999999999915e+01
1.313000000000000078e+01
1.323000000000000043e+01
1.331000000000000050e+01
1.331000000000000050e+01
1.333999999999999986e+01
1.340000000000000036e+01
1.353999999999999915e+01
1.368999999999999950e+01
1.371000000000000085e+01
1.371000000000000085e+01
1.372000000000000064e+01
1.371000000000000085e+01
1.377999999999999936e+01
1.380000000000000071e+01
1.390000000000000036e+01
1.398000000000000043e+01
1.402999999999999936e+01
1.400999999999999979e+01
1.400999999999999979e+01
1.400999999999999979e+01
1.408999999999999986e+01
1.416000000000000014e+01
1.423000000000000043e+01
1.426999999999999957e+01
1.425000000000000000e+01
1.425000000000000000e+01
1.430000000000000071e+01
1.435999999999999943e+01
1.448000000000000043e+01
1.455000000000000071e+01
1.460999999999999943e+01
1.465000000000000036e+01
1.475999999999999979e+01
1.486999999999999922e+01
1.492999999999999972e+01
1.496000000000000085e+01
1.496000000000000085e+01
1.501999999999999957e+01
1.508999999999999986e+01
1.513000000000000078e+01
1.519999999999999929e+01
1.521000000000000085e+01
1.522000000000000064e+01
1.527999999999999936e+01
1.527999999999999936e+01
1.525000000000000000e+01
1.525000000000000000e+01
1.521000000000000085e+01
1.526999999999999957e+01
1.526999999999999957e+01
1.525000000000000000e+01
1.518999999999999950e+01
1.518999999999999950e+01
1.516000000000000014e+01
1.522000000000000064e+01
1.513000000000000078e+01
1.521000000000000085e+01
1.527999999999999936e+01
1.519999999999999929e+01
1.521000000000000085e+01
1.523000000000000043e+01
1.525000000000000000e+01
1.525000000000000000e+01
1.536999999999999922e+01
1.544999999999999929e+01
1.547000000000000064e+01
1.550999999999999979e+01
1.549000000000000021e+01
1.550999999999999979e+01
1.558999999999999986e+01
1.564000000000000057e+01
1.564000000000000057e+01
1.561999999999999922e+01
1.561999999999999922e+01
1.564000000000000057e+01
1.566999999999999993e+01
1.568999999999999950e+01
1.557000000000000028e+01
1.553999999999999915e+01
1.549000000000000021e+01
1.550000000000000000e+01
1.556000000000000050e+01
1.553999999999999915e+01
1.555000000000000071e+01
1.560999999999999943e+01
1.559999999999999964e+01
1.559999999999999964e+01
1.550999999999999979e+01
1.552999999999999936e+01
1.553999999999999915e+01
1.552999999999999936e+01
1.550000000000000000e+01
1.548000000000000043e+01
1.547000000000000064e+01
1.544999999999999929e+01
1.538000000000000078e+01
1.532000000000000028e+01
1.530000000000000071e+01
1.522000000000000064e+01
1.514000000000000057e+01
1.508999999999999986e+01
1.505000000000000071e+01
1.491999999999999993e+01
1.496000000000000085e+01
1.498000000000000043e+01
1.496000000000000085e+01
1.483999999999999986e+01
1.477999999999999936e+01
1.482000000000000028e+01
1.478999999999999915e+01
1.483999999999999986e+01
1.478999999999999915e+01
1.476999999999999957e+01
1.469999999999999929e+01
1.457000000000000028e+01
1.449000000000000021e+01
1.451999999999999957e+01
1.459999999999999964e+01
1.459999999999999964e+01
1.458999999999999986e+01
1.450000000000000000e+01
1.444999999999999929e+01
1.433000000000000007e+01
1.433000000000000007e+01
1.433000000000000007e+01
1.430000000000000071e+01
1.425000000000000000e+01
1.422000000000000064e+01
1.411999999999999922e+01
1.407000000000000028e+01
1.403999999999999915e+01
1.400000000000000000e+01
1.393999999999999950e+01
1.377999999999999936e+01
1.363000000000000078e+01
1.358000000000000007e+01
1.352999999999999936e+01
1.350000000000000000e+01
1.350999999999999979e+01
1.344999999999999929e+01
1.338000000000000078e+01
1.334999999999999964e+01
1.334999999999999964e+01
1.332000000000000028e+01
1.325999999999999979e+01
1.326999999999999957e+01
1.324000000000000021e+01
1.316999999999999993e+01
1.314000000000000057e+01
1.308000000000000007e+01
1.307000000000000028e+01
1.315000000000000036e+01
1.308000000000000007e+01
1.310999999999999943e+01
1.313000000000000078e+01
1.321000000000000085e+01
1.325000000000000000e+01
1.322000000000000064e+01
1.333999999999999986e+01
1.323000000000000043e+01
1.325999999999999979e+01
1.324000000000000021e+01
1.313000000000000078e+01
1.299000000000000021e+01
1.292999999999999972e+01
1.288000000000000078e+01
1.276999999999999957e+01
1.265000000000000036e+01
1.259999999999999964e+01
1.250999999999999979e+01
1.243999999999999950e+01
1.241999999999999993e+01
1.242999999999999972e+01
1.238000000000000078e+01
1.233999999999999986e+01
1.217999999999999972e+01
1.211999999999999922e+01
1.219999999999999929e+01
1.216000000000000014e+01
1.221000000000000085e+01
1.218999999999999950e+01
1.221000000000000085e+01
1.222000000000000064e+01
1.218999999999999950e+01
1.216000000000000014e+01
1.216000000000000014e+01
1.213000000000000078e+01
1.223000000000000043e+01
1.225999999999999979e+01
1.231000000000000050e+01
1.225000000000000000e+01
1.228999999999999915e+01
1.225999999999999979e+01
1.224000000000000021e+01
1.227999999999999936e+01
1.221000000000000085e+01
1.225999999999999979e+01
1.226999999999999957e+01
1.233999999999999986e+01
1.243999999999999950e+01
1.249000000000000021e+01
1.257000000000000028e+01
1.268999999999999950e+01
1.271000000000000085e+01
1.266000000000000014e+01
1.261999999999999922e+01
1.272000000000000064e+01
1.274000000000000021e+01
1.272000000000000064e+01
1.278999999999999915e+01
1.281000000000000050e+01
1.291000000000000014e+01
1.298000000000000043e+01
1.308000000000000007e+01
1.314000000000000057e+01
1.319999999999999929e+01
1.301999999999999957e+01
1.305000000000000071e+01
1.303999999999999915e+01
1.298000000000000043e+01
1.301999999999999957e+01
1.300999999999999979e+01
1.299000000000000021e+01
1.294999999999999929e+01
1.297000000000000064e+01
1.291999999999999993e+01
1.291000000000000014e+01
1.289000000000000057e+01
1.286999999999999922e+01
1.284999999999999964e+01
1.277999999999999936e+01
1.280000000000000071e+01
1.278999999999999915e+01
1.284999999999999964e+01
1.300999999999999979e+01
1.302999999999999936e+01
1.309999999999999964e+01
1.306000000000000050e+01
1.308999999999999986e+01
1.316999999999999993e+01
1.324000000000000021e+01
1.325999999999999979e+01
1.327999999999999936e+01
1.327999999999999936e+01
1.340000000000000036e+01
1.336999999999999922e+01
1.340000000000000036e+01
1.349000000000000021e+01
1.341999999999999993e+01
1.348000000000000043e+01
1.356000000000000050e+01
1.353999999999999915e+01
1.363000000000000078e+01
1.361999999999999922e+01
1.350000000000000000e+01
1.352999999999999936e+01
1.351999999999999957e+01
1.356000000000000050e+01
1.339000000000000057e+01
1.353999999999999915e+01
1.348000000000000043e+01
1.348000000000000043e+01
1.359999999999999964e+01
1.368999999999999950e+01
1.369999999999999929e+01
1.372000000000000064e+01
1.376999999999999957e+01
1.391000000000000014e+01
1.396000000000000085e+01
1.397000000000000064e+01
1.401999999999999957e+01
1.407000000000000028e+01
1.406000000000000050e+01
1.408000000000000007e+01
1.413000000000000078e+01
1.425999999999999979e+01
1.433000000000000007e+01
1.431000000000000050e+01
1.434999999999999964e+01
1.440000000000000036e+01
1.443999999999999950e+01
1.446000000000000085e+01
1.447000000000000064e+01
1.446000000000000085e+01
1.446000000000000085e+01
1.441999999999999993e+01
1.444999999999999929e+01
1.447000000000000064e+01
1.441999999999999993e+01
1.440000000000000036e+01
1.441000000000000014e+01
1.439000000000000057e+01
1.435999999999999943e+01
1.421000000000000085e+01
1.416000000000000014e+01
1.427999999999999936e+01
1.426999999999999957e+01
1.418999999999999950e+01
1.411999999999999922e+01
1.399000000000000021e+01
1.396000000000000085e+01
1.390000000000000036e+01
1.383000000000000007e+01
1.383000000000000007e+01
1.388000000000000078e+01
1.398000000000000043e+01
1.392999999999999972e+01
1.393999999999999950e+01
1.391000000000000014e+01
1.391999999999999993e+01
1.376999999999999957e+01
1.382000000000000028e+01
1.383000000000000007e+01
1.381000000000000050e+01
1.384999999999999964e+01
1.383000000000000007e+01
1.397000000000000064e+01
1.384999999999999964e+01
1.385999999999999943e+01
1.383999999999999986e+01
1.374000000000000021e+01
1.377999999999999936e+01
1.375999999999999979e+01
1.372000000000000064e+01
1.363000000000000078e+01
1.359999999999999964e+01
1.353999999999999915e+01
1.350000000000000000e+01
1.353999999999999915e+01
1.350999999999999979e+01
1.361999999999999922e+01
1.351999999999999957e+01
1.343999999999999950e+01
1.344999999999999929e+01
1.333000000000000007e+01
1.330000000000000071e+01
1.325999999999999979e+01
1.327999999999999936e+01
1.317999999999999972e+01
1.309999999999999964e+01
1.300000000000000000e+01
1.298000000000000043e+01
1.297000000000000064e+01
1.302999999999999936e+01
1.289000000000000057e+01
1.291000000000000014e+01
1.283000000000000007e+01
1.268999999999999950e+01
1.271000000000000085e+01
1.275999999999999979e+01
1.263000000000000078e+01
1.260999999999999943e+01
1.252999999999999936e+01
1.256000000000000050e+01
1.259999999999999964e+01
1.260999999999999943e+01
1.255000000000000071e+01
1.247000000000000064e+01
1.255000000000000071e+01
1.251999999999999957e+01
1.258000000000000007e+01
1.250999999999999979e+01
1.253999999999999915e+01
1.248000000000000043e+01
1.249000000000000021e+01
1.251999999999999957e+01
1.255000000000000071e+01
1.244999999999999929e+01
1.235999999999999943e+01
1.239000000000000057e+01
1.233000000000000007e+01
1.236999999999999922e+01
1.238000000000000078e+01
1.235999999999999943e+01
1.231000000000000050e+01
1.233000000000000007e+01
1.225000000000000000e+01
1.227999999999999936e+01
1.219999999999999929e+01
1.219999999999999929e+01
1.222000000000000064e+01
1.216000000000000014e+01
1.215000000000000036e+01
1.217999999999999972e+01
1.219999999999999929e+01
1.222000000000000064e+01
1.221000000000000085e+01
1.219999999999999929e+01
1.222000000000000064e+01
1.225999999999999979e+01
1.231000000000000050e+01
1.235999999999999943e+01
1.247000000000000064e+01
1.264000000000000057e+01
1.271000000000000085e+01
1.272000000000000064e+01
1.276999999999999957e+01
1.283999999999999986e+01
1.294999999999999929e+01
1.307000000000000028e+01
1.309999999999999964e+01
1.316000000000000014e+01
1.326999999999999957e+01
1.331000000000000050e+01
1.333000000000000007e+01
1.336999999999999922e+01
1.341000000000000014e+01
1.343999999999999950e+01
1.350999999999999979e+01
1.348000000000000043e+01
1.365000000000000036e+01
1.360999999999999943e+01
1.361999999999999922e+01
1.365000000000000036e+01
1.364000000000000057e+01
1.368999999999999950e+01
1.375000000000000000e+01
1.383999999999999986e+01
1.388000000000000078e+01
1.398000000000000043e+01
1.416000000000000014e+01
1.410999999999999943e+01
1.425999999999999979e+01
1.431000000000000050e+01
1.441999999999999993e+01
1.460999999999999943e+01
1.473000000000000043e+01
1.483999999999999986e+01
1.491999999999999993e+01
1.503999999999999915e+01
1.497000000000000064e+01
1.506000000000000050e+01
1.516999999999999993e+01
1.521000000000000085e+01
1.532000000000000028e+01
1.541000000000000014e+01
1.551999999999999957e+01
1.551999999999999957e+01
1.561999999999999922e+01
1.560999999999999943e+01
1.574000000000000021e+01
1.577999999999999936e+01
1.582000000000000028e+01
1.583000000000000007e+01
1.590000000000000036e+01
1.596000000000000085e+01
1.607000000000000028e+01
1.621000000000000085e+01
1.628000000000000114e+01
1.623000000000000043e+01
1.637000000000000099e+01
1.632999999999999829e+01
1.641000000000000014e+01
1.642999999999999972e+01
1.648000000000000043e+01
1.635999999999999943e+01
1.641000000000000014e+01
1.650000000000000000e+01
1.655999999999999872e+01
1.658999999999999986e+01
1.655999999999999872e+01
1.669999999999999929e+01
1.669999999999999929e+01
1.680999999999999872e+01
1.682999999999999829e+01
1.685000000000000142e+01
1.689999999999999858e+01
1.700000000000000000e+01
1.707999999999999829e+01
1.710999999999999943e+01
1.719999999999999929e+01
1.719999999999999929e+01
1.717999999999999972e+01
1.721000000000000085e+01
1.725000000000000000e+01
1.725000000000000000e+01
1.730999999999999872e+01
1.737999999999999901e+01
1.735000000000000142e+01
1.735000000000000142e+01
1.730999999999999872e+01
1.737000000000000099e+01
1.737999999999999901e+01
1.739999999999999858e+01
1.737000000000000099e+01
1.739999999999999858e+01
1.742999999999999972e+01
1.739000000000000057e+01
1.737999999999999901e+01
1.735999999999999943e+01
1.732000000000000028e+01
1.732999999999999829e+01
1.732000000000000028e+01
1.735999999999999943e+01
1.735999999999999943e+01
1.735000000000000142e+01
1.733999999999999986e+01
1.735999999999999943e+01
1.735000000000000142e+01
1.723000000000000043e+01
1.721999999999999886e+01
1.726999999999999957e+01
1.725000000000000000e+01
1.726999999999999957e+01
1.721000000000000085e+01
1.717000000000000171e+01
1.717999999999999972e+01
1.717999999999999972e+01
1.719000000000000128e+01
1.721000000000000085e+01
1.721999999999999886e+01
1.723000000000000043e+01
1.723999999999999844e+01
1.723000000000000043e+01
1.726000000000000156e+01
1.723000000000000043e+01
1.723000000000000043e+01
1.728000000000000114e+01
1.719000000000000128e+01
1.721000000000000085e+01
1.717999999999999972e+01
1.726999999999999957e+01
1.730000000000000071e+01
1.735000000000000142e+01
1.735999999999999943e+01
1.730999999999999872e+01
1.730000000000000071e+01
1.726999999999999957e+01
1.728000000000000114e+01
1.726000000000000156e+01
1.733999999999999986e+01
1.732999999999999829e+01
1.735999999999999943e+01
1.741000000000000014e+01
1.744999999999999929e+01
1.744999999999999929e+01
1.739000000000000057e+01
1.726999999999999957e+01
1.728999999999999915e+01
1.735999999999999943e+01
1.735000000000000142e+01
1.732999999999999829e+01
1.725000000000000000e+01
1.717000000000000171e+01
1.723999999999999844e+01
1.708999999999999986e+01
1.707000000000000028e+01
1.710999999999999943e+01
1.712000000000000099e+01
1.717000000000000171e+01
1.714999999999999858e+01
1.723999999999999844e+01
1.725000000000000000e+01
1.721999999999999886e+01
1.723999999999999844e+01
1.735999999999999943e+01
1.723999999999999844e+01
1.719999999999999929e+01
1.723000000000000043e+01
1.721000000000000085e+01
1.719000000000000128e+01
1.714000000000000057e+01
1.710000000000000142e+01
1.707000000000000028e+01
1.708999999999999986e+01
1.707999999999999829e+01
1.703000000000000114e+01
1.703000000000000114e+01
1.703999999999999915e+01
1.705999999999999872e+01
1.701999999999999957e+01
1.698000000000000043e+01
1.696000000000000085e+01
1.700000000000000000e+01
1.698000000000000043e+01
1.698999999999999844e+01
1.703999999999999915e+01
1.698999999999999844e+01
1.710999999999999943e+01
1.714999999999999858e+01
1.719000000000000128e+01
1.710999999999999943e+01
1.712999999999999901e+01
1.708999999999999986e+01
1.717000000000000171e+01
1.716000000000000014e+01
