Episode	Agent 1	Agent 2
1	5		5
2	5		1
3	1		8
4	4		3
5	4		6
6	5		6
7	2		4
8	10		7
9	1		1
10	1		5
11	6		7
12	4		0
13	7		0
14	5		11
15	10		4
16	4		7
17	2		8
18	1		12
19	6		7
20	3		9
21	7		5
22	5		12
23	2		8
24	4		8
25	1		6
26	2		5
27	2		6
28	10		4
29	8		7
30	2		6
31	1		2
32	0		4
33	7		7
34	6		6
35	2		6
36	9		8
37	6		6
38	11		3
39	6		2
40	6		5
41	7		6
42	2		6
43	12		1
44	6		5
45	4		10
46	8		3
47	2		4
48	8		2
49	5		6
50	0		6
51	5		6
52	10		5
53	3		9
54	2		6
55	0		9
56	8		4
57	12		3
58	3		3
59	0		5
60	3		4
61	1		4
62	7		5
63	6		3
64	7		3
65	7		4
66	4		3
67	2		4
68	4		3
69	5		7
70	2		4
71	4		5
72	3		5
73	7		6
74	5		7
75	5		3
76	4		9
77	7		5
78	10		7
79	10		8
80	5		3
81	2		11
82	3		8
83	2		8
84	6		5
85	4		9
86	3		10
87	6		4
88	6		7
89	8		7
90	9		10
91	4		12
92	3		7
93	7		9
94	2		10
95	9		9
96	4		9
97	2		6
98	5		8
99	6		8
100	4		10
101	7		7
102	8		8
103	8		15
104	2		9
105	6		9
106	3		8
107	6		10
108	2		12
109	1		9
110	8		7
111	5		9
112	3		12
113	6		6
114	1		14
115	7		9
116	8		7
117	4		14
118	7		10
119	3		12
120	5		13
121	4		7
122	7		8
123	7		12
124	4		5
125	6		8
126	3		7
127	7		12
128	7		12
129	6		7
130	8		11
131	6		7
132	3		8
133	5		10
134	7		8
135	3		10
136	4		8
137	6		8
138	5		9
139	7		13
140	0		7
141	8		14
142	6		19
143	7		14
144	6		10
145	9		9
146	7		9
147	5		11
148	2		5
149	2		13
150	6		4
151	8		7
152	3		15
153	4		13
154	8		6
155	5		9
156	6		11
157	9		16
158	6		7
159	2		15
160	5		16
161	7		8
162	4		12
163	6		9
164	5		13
165	6		10
166	3		14
167	6		9
168	6		11
169	6		8
170	4		18
171	7		10
172	5		12
173	6		12
174	9		11
175	5		11
176	8		9
177	7		8
178	8		13
179	2		9
180	5		12
181	5		13
182	2		4
183	7		11
184	9		11
185	6		13
186	6		8
187	6		12
188	6		13
189	6		7
190	10		14
191	11		16
192	6		11
193	4		12
194	5		8
195	5		12
196	6		10
197	7		13
198	6		13
199	6		9
200	3		11
201	5		12
202	5		10
203	7		8
204	5		13
205	2		12
206	4		8
207	6		12
208	5		12
209	4		10
210	3		9
211	4		9
212	4		18
213	8		10
214	4		10
215	5		9
216	5		10
217	5		11
218	6		11
219	2		7
220	6		9
221	5		16
222	7		11
223	6		9
224	4		11
225	6		10
226	7		16
227	5		12
228	3		13
229	5		11
230	4		10
231	5		10
232	9		13
233	5		7
234	5		5
235	5		9
236	6		13
237	6		11
238	4		10
239	5		9
240	7		15
241	4		11
242	6		11
243	8		17
244	6		11
245	6		10
246	6		9
247	7		17
248	5		15
249	5		12
250	6		10
251	6		16
252	7		8
253	6		14
254	3		7
255	6		16
256	5		12
257	5		15
258	6		15
259	7		19
260	5		17
261	3		18
262	6		10
263	4		16
264	5		8
265	4		10
266	8		13
267	6		15
268	4		17
269	5		14
270	6		16
271	6		14
272	4		14
273	6		13
274	3		15
275	5		18
276	8		10
277	6		12
278	5		10
279	6		14
280	10		15
281	7		11
282	6		14
283	3		12
284	2		7
285	3		15
286	3		14
287	3		16
288	6		11
289	5		10
290	2		23
291	3		17
292	4		18
293	2		19
294	4		15
295	4		14
296	5		13
297	4		14
298	5		16
299	11		16
300	7		19
301	6		10
302	5		19
303	3		19
304	2		18
305	3		13
306	4		18
307	4		14
308	1		18
309	2		18
310	1		17
311	2		17
312	1		15
313	3		18
314	5		16
315	5		19
316	6		9
317	2		11
318	11		13
319	2		16
320	4		17
321	4		14
322	5		16
323	0		19
324	0		22
325	4		14
326	9		15
327	3		14
328	1		17
329	5		16
330	8		18
331	3		17
332	2		14
333	3		15
334	2		21
335	5		15
336	4		16
337	2		15
338	7		16
339	2		17
340	1		19
341	0		20
342	2		16
343	6		13
344	3		17
345	3		17
346	1		18
347	3		14
348	4		15
349	1		14
350	3		18
351	2		17
352	4		17
353	6		14
354	3		17
355	6		19
356	1		19
357	2		18
358	3		14
359	1		18
360	1		16
361	0		20
362	0		20
363	2		20
364	3		18
365	3		19
366	0		21
367	0		20
368	0		20
369	3		17
370	2		19
371	4		18
372	6		17
373	0		17
374	5		18
375	2		18
376	4		16
377	1		19
378	2		12
379	4		15
380	1		17
381	1		19
382	0		19
383	1		19
384	2		16
385	1		18
386	7		17
387	0		20
388	0		20
389	1		19
390	1		19
391	2		21
392	1		18
393	1		22
394	0		15
395	1		19
396	4		13
397	2		19
398	0		22
399	0		17
400	0		21
401	0		23
402	1		21
403	3		19
404	5		16
405	0		21
406	0		21
407	0		21
408	2		19
409	2		18
410	2		19
411	0		20
412	0		21
413	1		20
414	1		20
415	0		21
416	2		15
417	3		18
418	0		10
419	2		17
420	3		15
421	0		23
422	1		21
423	3		20
424	3		22
425	4		12
426	3		18
427	5		16
428	2		22
429	0		22
430	1		21
431	3		19
432	2		10
433	3		16
434	2		22
435	1		20
436	2		20
437	2		21
438	2		19
439	4		17
440	4		17
441	0		22
442	1		22
443	0		23
444	1		22
445	1		20
446	1		21
447	0		22
448	1		22
449	1		22
450	2		21
451	2		16
452	2		20
453	4		19
454	3		19
455	3		20
456	3		18
457	2		19
458	5		16
459	4		18
460	6		16
461	3		19
462	6		18
463	4		22
464	5		14
465	15		15
466	6		18
467	4		18
468	3		21
469	4		21
470	8		16
471	2		20
472	1		21
473	7		10
474	2		20
475	1		22
476	3		19
477	4		20
478	1		21
479	1		21
480	3		22
481	1		21
482	5		17
483	2		21
484	0		23
485	0		21
486	4		18
487	2		21
488	0		23
489	0		20
490	0		21
491	2		21
492	7		8
493	1		19
494	4		9
495	2		19
496	5		20
497	4		19
498	0		22
499	0		20
500	1		23
501	0		21
502	7		11
503	5		21
504	4		15
505	0		22
506	2		22
507	1		21
508	2		20
509	2		16
510	4		15
511	4		15
512	3		21
513	2		15
514	0		19
515	3		18
516	1		15
517	3		9
518	3		19
519	2		19
520	6		14
521	2		15
522	5		19
523	2		23
524	4		15
525	4		21
526	3		5
527	6		15
528	6		16
529	3		11
530	3		14
531	1		22
532	1		20
533	3		21
534	3		19
535	3		15
536	2		14
537	3		9
538	1		21
539	2		16
540	9		16
541	2		19
542	2		19
543	2		10
544	3		21
545	3		20
546	4		19
547	4		18
548	8		9
549	2		3
550	2		17
551	5		11
552	7		19
553	4		21
554	6		19
555	4		17
556	3		16
557	3		20
558	6		14
559	5		12
560	6		16
561	5		20
562	8		8
563	2		20
564	4		13
565	6		18
566	3		21
567	3		11
568	1		20
569	0		21
570	3		20
571	1		21
572	5		19
573	2		22
574	23		12
575	1		22
576	6		16
577	7		10
578	1		6
579	3		17
580	4		18
581	6		18
582	4		6
583	3		18
584	1		13
585	3		15
586	4		12
587	3		22
588	2		15
589	5		18
590	6		8
591	3		15
592	5		17
593	5		16
594	2		18
595	6		18
596	2		22
597	2		22
598	2		18
599	1		19
600	2		22
601	1		21
602	0		21
603	1		23
604	0		24
605	1		20
606	2		20
607	3		19
608	3		19
609	2		21
610	5		6
611	1		18
612	0		23
613	2		19
614	0		22
615	1		21
616	2		19
617	2		20
618	5		18
619	2		14
620	3		13
621	1		21
622	2		20
623	2		19
624	0		21
625	1		19
626	2		19
627	2		21
628	2		20
629	3		16
630	2		20
631	1		1
632	1		23
633	2		14
634	3		15
635	4		17
636	6		20
637	5		7
638	5		16
639	3		19
640	8		13
641	5		21
642	4		20
643	6		10
644	4		18
645	6		17
646	4		20
647	3		20
648	6		19
649	2		22
650	4		17
651	5		17
652	4		12
653	1		20
654	2		21
655	2		20
656	1		19
657	1		17
658	3		14
659	1		23
660	4		14
661	2		20
662	2		20
663	4		17
664	2		17
665	1		21
666	2		21
667	1		20
668	4		20
669	4		10
670	1		21
671	2		23
672	0		22
673	5		8
674	0		23
675	4		17
676	6		18
677	1		19
678	2		17
679	3		19
680	2		20
681	2		19
682	3		19
683	3		20
684	3		15
685	1		21
686	1		20
687	1		20
688	4		18
689	0		21
690	3		21
691	1		21
692	5		17
693	4		19
694	1		22
695	1		21
696	1		23
697	3		20
698	3		19
699	2		17
700	4		19
701	6		21
702	2		22
703	2		20
704	2		19
705	5		19
706	4		19
707	5		12
708	3		1
709	2		17
710	2		21
711	6		20
712	3		18
713	4		13
714	2		11
715	2		20
716	2		15
717	1		15
718	2		16
719	1		16
720	1		20
721	1		17
722	2		22
723	2		16
724	2		20
725	2		5
726	1		21
727	0		20
728	1		20
729	0		21
730	3		21
731	2		18
732	1		12
733	3		16
734	7		11
735	2		7
736	0		19
737	5		8
738	2		14
739	4		10
740	2		6
741	4		12
742	2		14
743	4		15
744	3		13
745	1		21
746	5		8
747	4		13
748	4		13
749	4		7
750	9		13
751	8		15
752	7		18
753	5		12
754	8		14
755	6		12
756	3		17
757	4		18
758	3		22
759	1		12
760	5		19
761	1		18
762	1		1
763	5		14
764	1		20
765	5		11
766	3		19
767	2		12
768	1		21
769	5		18
770	1		25
771	18		17
772	2		15
773	1		15
774	4		21
775	1		22
776	5		9
777	2		21
778	3		10
779	2		19
780	2		19
781	4		20
782	6		11
783	4		13
784	3		20
785	3		17
786	1		21
787	3		20
788	3		19
789	1		20
790	0		23
791	3		16
792	4		19
793	3		13
794	2		23
795	1		23
796	2		22
797	2		23
798	2		23
799	1		19
800	2		19
801	0		21
802	1		22
803	3		23
804	4		20
805	2		21
806	0		22
807	1		23
808	1		23
809	0		21
810	3		21
811	0		24
812	3		21
813	0		22
814	0		22
815	1		24
816	1		21
817	2		22
818	0		22
819	0		21
820	1		23
821	3		21
822	1		23
823	1		22
824	1		20
825	0		22
826	2		19
827	0		24
828	1		23
829	1		19
830	1		24
831	1		24
832	2		21
833	0		21
834	1		22
835	1		23
836	4		16
837	2		21
838	1		16
839	4		18
840	1		24
841	0		23
842	1		24
843	0		20
844	0		22
845	3		17
846	2		20
847	1		21
848	3		19
849	3		21
850	3		25
851	2		23
852	5		16
853	3		21
854	3		15
855	1		26
856	2		23
857	1		24
858	1		21
859	2		14
860	2		21
861	1		22
862	3		17
863	2		21
864	2		14
865	1		22
866	5		13
867	2		19
868	1		24
869	1		16
870	5		11
871	1		22
872	1		22
873	1		23
874	1		23
875	1		20
876	0		22
877	1		24
878	7		20
879	1		20
880	2		22
881	1		23
882	4		19
883	1		19
884	1		20
885	1		23
886	1		21
887	2		21
888	2		18
889	1		22
890	1		24
891	4		19
892	1		23
893	3		9
894	1		22
895	3		20
896	1		24
897	1		23
898	2		22
899	2		16
900	0		23
901	0		22
902	1		18
903	3		18
904	2		18
905	3		17
906	1		24
907	1		21
908	2		25
909	2		21
910	2		20
911	1		21
912	1		23
913	0		22
914	2		10
915	1		24
916	1		22
917	1		21
918	0		21
919	1		17
920	1		21
921	1		24
922	2		23
923	1		23
924	2		23
925	1		24
926	3		20
927	1		24
928	1		21
929	0		25
930	2		21
931	1		23
932	0		22
933	2		14
934	1		22
935	1		20
936	1		23
937	1		24
938	2		21
939	1		20
940	1		21
941	2		23
942	1		20
943	1		25
944	1		20
945	1		23
946	5		15
947	1		22
948	1		23
949	1		22
950	2		22
951	1		19
952	2		0
953	2		23
954	1		19
955	1		22
956	3		20
957	2		16
958	3		14
959	1		22
960	2		5
961	1		22
962	1		21
963	1		23
964	2		20
965	3		21
966	1		20
967	1		23
968	1		23
969	2		23
970	1		24
971	3		14
972	1		21
973	1		22
974	1		21
975	1		17
976	0		21
977	0		16
978	3		18
979	1		23
980	1		21
981	2		24
982	3		21
983	2		22
984	0		22
985	1		20
986	2		18
987	1		16
988	1		22
989	3		21
990	1		22
991	1		23
992	3		17
993	2		19
994	1		22
995	0		22
996	3		16
997	2		22
998	1		19
999	1		25
1000	2		21
