0.000000000000000000e+00
0.000000000000000000e+00
0.000000000000000000e+00
0.000000000000000000e+00
0.000000000000000000e+00
0.000000000000000000e+00
0.000000000000000000e+00
0.000000000000000000e+00
0.000000000000000000e+00
0.000000000000000000e+00
0.000000000000000000e+00
0.000000000000000000e+00
0.000000000000000000e+00
0.000000000000000000e+00
0.000000000000000000e+00
0.000000000000000000e+00
0.000000000000000000e+00
0.000000000000000000e+00
0.000000000000000000e+00
0.000000000000000000e+00
0.000000000000000000e+00
0.000000000000000000e+00
0.000000000000000000e+00
0.000000000000000000e+00
0.000000000000000000e+00
0.000000000000000000e+00
0.000000000000000000e+00
0.000000000000000000e+00
0.000000000000000000e+00
0.000000000000000000e+00
0.000000000000000000e+00
0.000000000000000000e+00
0.000000000000000000e+00
0.000000000000000000e+00
0.000000000000000000e+00
0.000000000000000000e+00
0.000000000000000000e+00
0.000000000000000000e+00
0.000000000000000000e+00
0.000000000000000000e+00
0.000000000000000000e+00
0.000000000000000000e+00
0.000000000000000000e+00
0.000000000000000000e+00
0.000000000000000000e+00
0.000000000000000000e+00
0.000000000000000000e+00
0.000000000000000000e+00
0.000000000000000000e+00
0.000000000000000000e+00
0.000000000000000000e+00
0.000000000000000000e+00
0.000000000000000000e+00
0.000000000000000000e+00
0.000000000000000000e+00
0.000000000000000000e+00
0.000000000000000000e+00
0.000000000000000000e+00
0.000000000000000000e+00
0.000000000000000000e+00
0.000000000000000000e+00
0.000000000000000000e+00
0.000000000000000000e+00
0.000000000000000000e+00
0.000000000000000000e+00
0.000000000000000000e+00
0.000000000000000000e+00
0.000000000000000000e+00
0.000000000000000000e+00
0.000000000000000000e+00
0.000000000000000000e+00
0.000000000000000000e+00
0.000000000000000000e+00
0.000000000000000000e+00
0.000000000000000000e+00
0.000000000000000000e+00
0.000000000000000000e+00
0.000000000000000000e+00
0.000000000000000000e+00
0.000000000000000000e+00
0.000000000000000000e+00
0.000000000000000000e+00
0.000000000000000000e+00
0.000000000000000000e+00
0.000000000000000000e+00
0.000000000000000000e+00
0.000000000000000000e+00
0.000000000000000000e+00
0.000000000000000000e+00
0.000000000000000000e+00
0.000000000000000000e+00
0.000000000000000000e+00
0.000000000000000000e+00
0.000000000000000000e+00
0.000000000000000000e+00
0.000000000000000000e+00
0.000000000000000000e+00
0.000000000000000000e+00
0.000000000000000000e+00
0.000000000000000000e+00
0.000000000000000000e+00
1.000000000000000021e-02
1.000000000000000021e-02
1.000000000000000021e-02
1.000000000000000021e-02
1.000000000000000021e-02
1.000000000000000021e-02
1.000000000000000021e-02
1.000000000000000021e-02
1.000000000000000021e-02
1.000000000000000021e-02
1.000000000000000021e-02
1.000000000000000021e-02
1.000000000000000021e-02
1.000000000000000021e-02
1.000000000000000021e-02
1.000000000000000021e-02
1.000000000000000021e-02
1.000000000000000021e-02
1.000000000000000021e-02
1.000000000000000021e-02
1.000000000000000021e-02
1.000000000000000021e-02
1.000000000000000021e-02
1.000000000000000021e-02
1.000000000000000021e-02
1.000000000000000021e-02
1.000000000000000021e-02
1.000000000000000021e-02
1.000000000000000021e-02
1.000000000000000021e-02
1.000000000000000021e-02
1.000000000000000021e-02
1.000000000000000021e-02
1.000000000000000021e-02
1.000000000000000021e-02
1.000000000000000021e-02
1.000000000000000021e-02
1.000000000000000021e-02
1.000000000000000021e-02
1.000000000000000021e-02
1.000000000000000021e-02
1.000000000000000021e-02
1.000000000000000021e-02
1.000000000000000021e-02
1.000000000000000021e-02
1.000000000000000021e-02
1.000000000000000021e-02
1.000000000000000021e-02
1.000000000000000021e-02
1.000000000000000021e-02
1.000000000000000021e-02
1.000000000000000021e-02
1.000000000000000021e-02
1.000000000000000021e-02
1.000000000000000021e-02
1.000000000000000021e-02
1.000000000000000021e-02
1.000000000000000021e-02
1.000000000000000021e-02
1.000000000000000021e-02
1.000000000000000021e-02
1.000000000000000021e-02
1.000000000000000021e-02
1.000000000000000021e-02
1.000000000000000021e-02
1.000000000000000021e-02
2.000000000000000042e-02
2.000000000000000042e-02
2.000000000000000042e-02
2.000000000000000042e-02
2.000000000000000042e-02
2.000000000000000042e-02
2.000000000000000042e-02
2.000000000000000042e-02
2.000000000000000042e-02
2.000000000000000042e-02
2.000000000000000042e-02
2.000000000000000042e-02
2.000000000000000042e-02
2.000000000000000042e-02
2.000000000000000042e-02
2.000000000000000042e-02
2.000000000000000042e-02
2.000000000000000042e-02
2.000000000000000042e-02
2.000000000000000042e-02
2.000000000000000042e-02
2.000000000000000042e-02
2.000000000000000042e-02
2.000000000000000042e-02
2.000000000000000042e-02
2.000000000000000042e-02
2.000000000000000042e-02
2.000000000000000042e-02
2.000000000000000042e-02
2.000000000000000042e-02
2.000000000000000042e-02
2.000000000000000042e-02
2.000000000000000042e-02
2.000000000000000042e-02
1.000000000000000021e-02
1.000000000000000021e-02
1.000000000000000021e-02
1.000000000000000021e-02
1.000000000000000021e-02
1.000000000000000021e-02
1.000000000000000021e-02
1.000000000000000021e-02
1.000000000000000021e-02
2.000000000000000042e-02
2.000000000000000042e-02
2.000000000000000042e-02
2.000000000000000042e-02
2.000000000000000042e-02
2.000000000000000042e-02
2.000000000000000042e-02
2.000000000000000042e-02
2.000000000000000042e-02
2.000000000000000042e-02
2.000000000000000042e-02
2.000000000000000042e-02
2.000000000000000042e-02
2.000000000000000042e-02
2.000000000000000042e-02
2.000000000000000042e-02
2.000000000000000042e-02
2.000000000000000042e-02
2.000000000000000042e-02
2.000000000000000042e-02
2.999999999999999889e-02
2.999999999999999889e-02
2.999999999999999889e-02
2.999999999999999889e-02
2.999999999999999889e-02
4.000000000000000083e-02
4.000000000000000083e-02
4.000000000000000083e-02
5.000000000000000278e-02
5.000000000000000278e-02
5.000000000000000278e-02
5.000000000000000278e-02
5.000000000000000278e-02
5.000000000000000278e-02
5.000000000000000278e-02
5.000000000000000278e-02
5.000000000000000278e-02
5.000000000000000278e-02
5.000000000000000278e-02
5.000000000000000278e-02
5.000000000000000278e-02
5.000000000000000278e-02
5.000000000000000278e-02
5.000000000000000278e-02
5.000000000000000278e-02
5.999999999999999778e-02
5.999999999999999778e-02
5.999999999999999778e-02
5.999999999999999778e-02
5.999999999999999778e-02
5.999999999999999778e-02
5.999999999999999778e-02
7.000000000000000666e-02
7.000000000000000666e-02
7.000000000000000666e-02
7.000000000000000666e-02
7.000000000000000666e-02
5.999999999999999778e-02
5.999999999999999778e-02
8.000000000000000167e-02
8.000000000000000167e-02
8.999999999999999667e-02
8.999999999999999667e-02
1.000000000000000056e-01
1.100000000000000006e-01
1.100000000000000006e-01
1.100000000000000006e-01
1.100000000000000006e-01
1.100000000000000006e-01
1.199999999999999956e-01
1.199999999999999956e-01
1.199999999999999956e-01
1.199999999999999956e-01
1.300000000000000044e-01
1.400000000000000133e-01
1.400000000000000133e-01
1.499999999999999944e-01
1.600000000000000033e-01
1.600000000000000033e-01
1.700000000000000122e-01
1.700000000000000122e-01
1.700000000000000122e-01
1.900000000000000022e-01
1.900000000000000022e-01
2.000000000000000111e-01
2.000000000000000111e-01
2.099999999999999922e-01
2.099999999999999922e-01
2.200000000000000011e-01
2.300000000000000100e-01
2.300000000000000100e-01
2.300000000000000100e-01
2.399999999999999911e-01
2.399999999999999911e-01
2.500000000000000000e-01
2.600000000000000089e-01
2.600000000000000089e-01
2.800000000000000266e-01
2.899999999999999800e-01
2.999999999999999889e-01
2.899999999999999800e-01
2.999999999999999889e-01
2.999999999999999889e-01
2.999999999999999889e-01
3.200000000000000067e-01
3.200000000000000067e-01
3.400000000000000244e-01
3.400000000000000244e-01
3.400000000000000244e-01
3.400000000000000244e-01
3.400000000000000244e-01
3.499999999999999778e-01
3.599999999999999867e-01
3.599999999999999867e-01
3.699999999999999956e-01
3.800000000000000044e-01
3.800000000000000044e-01
3.900000000000000133e-01
3.900000000000000133e-01
3.900000000000000133e-01
3.800000000000000044e-01
3.900000000000000133e-01
3.900000000000000133e-01
3.900000000000000133e-01
3.900000000000000133e-01
3.800000000000000044e-01
3.800000000000000044e-01
3.800000000000000044e-01
3.699999999999999956e-01
3.800000000000000044e-01
3.800000000000000044e-01
3.900000000000000133e-01
3.900000000000000133e-01
3.900000000000000133e-01
3.900000000000000133e-01
3.900000000000000133e-01
4.000000000000000222e-01
4.000000000000000222e-01
4.000000000000000222e-01
4.000000000000000222e-01
4.199999999999999845e-01
4.199999999999999845e-01
4.199999999999999845e-01
4.199999999999999845e-01
4.199999999999999845e-01
4.099999999999999756e-01
4.099999999999999756e-01
4.099999999999999756e-01
4.099999999999999756e-01
4.099999999999999756e-01
4.099999999999999756e-01
4.099999999999999756e-01
4.000000000000000222e-01
4.099999999999999756e-01
4.099999999999999756e-01
4.199999999999999845e-01
4.199999999999999845e-01
4.199999999999999845e-01
4.400000000000000022e-01
4.199999999999999845e-01
4.199999999999999845e-01
4.099999999999999756e-01
4.099999999999999756e-01
4.000000000000000222e-01
3.900000000000000133e-01
3.900000000000000133e-01
3.900000000000000133e-01
3.900000000000000133e-01
3.900000000000000133e-01
3.900000000000000133e-01
3.900000000000000133e-01
3.900000000000000133e-01
3.900000000000000133e-01
3.800000000000000044e-01
3.699999999999999956e-01
3.699999999999999956e-01
3.599999999999999867e-01
3.499999999999999778e-01
3.499999999999999778e-01
3.400000000000000244e-01
3.400000000000000244e-01
3.400000000000000244e-01
3.200000000000000067e-01
3.200000000000000067e-01
3.099999999999999978e-01
3.099999999999999978e-01
2.999999999999999889e-01
3.099999999999999978e-01
2.999999999999999889e-01
2.899999999999999800e-01
2.899999999999999800e-01
2.899999999999999800e-01
2.899999999999999800e-01
2.999999999999999889e-01
2.899999999999999800e-01
2.899999999999999800e-01
2.899999999999999800e-01
2.700000000000000178e-01
2.600000000000000089e-01
2.500000000000000000e-01
2.500000000000000000e-01
2.399999999999999911e-01
2.500000000000000000e-01
2.500000000000000000e-01
2.300000000000000100e-01
2.300000000000000100e-01
2.099999999999999922e-01
2.099999999999999922e-01
2.099999999999999922e-01
2.099999999999999922e-01
2.099999999999999922e-01
2.099999999999999922e-01
2.000000000000000111e-01
2.000000000000000111e-01
2.099999999999999922e-01
2.000000000000000111e-01
2.200000000000000011e-01
2.099999999999999922e-01
2.399999999999999911e-01
2.399999999999999911e-01
2.399999999999999911e-01
2.300000000000000100e-01
2.399999999999999911e-01
2.399999999999999911e-01
2.600000000000000089e-01
2.700000000000000178e-01
2.800000000000000266e-01
2.999999999999999889e-01
3.200000000000000067e-01
3.099999999999999978e-01
3.400000000000000244e-01
3.300000000000000155e-01
3.300000000000000155e-01
3.599999999999999867e-01
3.599999999999999867e-01
3.599999999999999867e-01
3.499999999999999778e-01
3.900000000000000133e-01
4.000000000000000222e-01
4.099999999999999756e-01
4.000000000000000222e-01
4.199999999999999845e-01
4.199999999999999845e-01
4.199999999999999845e-01
4.400000000000000022e-01
4.400000000000000022e-01
4.500000000000000111e-01
4.600000000000000200e-01
4.699999999999999734e-01
4.899999999999999911e-01
5.000000000000000000e-01
5.200000000000000178e-01
5.300000000000000266e-01
5.600000000000000533e-01
5.899999999999999689e-01
5.999999999999999778e-01
6.300000000000000044e-01
6.500000000000000222e-01
6.500000000000000222e-01
6.700000000000000400e-01
6.899999999999999467e-01
7.199999999999999734e-01
7.399999999999999911e-01
7.600000000000000089e-01
7.600000000000000089e-01
8.100000000000000533e-01
8.199999999999999512e-01
8.399999999999999689e-01
9.000000000000000222e-01
9.000000000000000222e-01
9.200000000000000400e-01
9.399999999999999467e-01
9.899999999999999911e-01
1.000000000000000000e+00
1.050000000000000044e+00
1.080000000000000071e+00
1.110000000000000098e+00
1.149999999999999911e+00
1.179999999999999938e+00
1.219999999999999973e+00
1.250000000000000000e+00
1.310000000000000053e+00
1.330000000000000071e+00
1.340000000000000080e+00
1.379999999999999893e+00
1.429999999999999938e+00
1.479999999999999982e+00
1.479999999999999982e+00
1.510000000000000009e+00
1.530000000000000027e+00
1.550000000000000044e+00
1.590000000000000080e+00
1.600000000000000089e+00
1.610000000000000098e+00
1.639999999999999902e+00
1.649999999999999911e+00
1.649999999999999911e+00
1.669999999999999929e+00
1.679999999999999938e+00
1.729999999999999982e+00
1.750000000000000000e+00
1.750000000000000000e+00
1.750000000000000000e+00
1.780000000000000027e+00
1.810000000000000053e+00
1.850000000000000089e+00
1.899999999999999911e+00
1.909999999999999920e+00
1.949999999999999956e+00
1.979999999999999982e+00
1.989999999999999991e+00
2.029999999999999805e+00
2.049999999999999822e+00
2.080000000000000071e+00
2.089999999999999858e+00
2.109999999999999876e+00
2.140000000000000124e+00
2.189999999999999947e+00
2.209999999999999964e+00
2.250000000000000000e+00
2.250000000000000000e+00
2.279999999999999805e+00
2.319999999999999840e+00
2.359999999999999876e+00
2.370000000000000107e+00
2.410000000000000142e+00
2.439999999999999947e+00
2.459999999999999964e+00
2.490000000000000213e+00
2.560000000000000053e+00
2.549999999999999822e+00
2.589999999999999858e+00
2.620000000000000107e+00
2.620000000000000107e+00
2.669999999999999929e+00
2.729999999999999982e+00
2.779999999999999805e+00
2.830000000000000071e+00
2.859999999999999876e+00
2.879999999999999893e+00
2.910000000000000142e+00
2.930000000000000160e+00
2.979999999999999982e+00
3.020000000000000018e+00
3.049999999999999822e+00
3.080000000000000071e+00
3.100000000000000089e+00
3.109999999999999876e+00
3.160000000000000142e+00
3.180000000000000160e+00
3.240000000000000213e+00
3.279999999999999805e+00
3.359999999999999876e+00
3.370000000000000107e+00
3.419999999999999929e+00
3.450000000000000178e+00
3.490000000000000213e+00
3.520000000000000018e+00
3.509999999999999787e+00
3.549999999999999822e+00
3.569999999999999840e+00
3.620000000000000107e+00
3.629999999999999893e+00
3.640000000000000124e+00
3.660000000000000142e+00
3.660000000000000142e+00
3.689999999999999947e+00
3.689999999999999947e+00
3.660000000000000142e+00
3.680000000000000160e+00
3.729999999999999982e+00
3.759999999999999787e+00
3.729999999999999982e+00
3.759999999999999787e+00
3.790000000000000036e+00
3.810000000000000053e+00
3.799999999999999822e+00
3.819999999999999840e+00
3.839999999999999858e+00
3.850000000000000089e+00
3.879999999999999893e+00
3.850000000000000089e+00
3.850000000000000089e+00
3.850000000000000089e+00
3.819999999999999840e+00
3.790000000000000036e+00
3.770000000000000018e+00
3.810000000000000053e+00
3.859999999999999876e+00
3.899999999999999911e+00
3.939999999999999947e+00
3.919999999999999929e+00
3.990000000000000213e+00
3.990000000000000213e+00
4.000000000000000000e+00
4.000000000000000000e+00
4.070000000000000284e+00
4.089999999999999858e+00
4.150000000000000355e+00
4.110000000000000320e+00
4.169999999999999929e+00
4.240000000000000213e+00
4.269999999999999574e+00
4.309999999999999609e+00
4.349999999999999645e+00
4.400000000000000355e+00
4.389999999999999680e+00
4.440000000000000391e+00
4.469999999999999751e+00
4.459999999999999964e+00
4.509999999999999787e+00
4.519999999999999574e+00
4.570000000000000284e+00
4.620000000000000107e+00
4.650000000000000355e+00
4.700000000000000178e+00
4.669999999999999929e+00
4.690000000000000391e+00
4.719999999999999751e+00
4.730000000000000426e+00
4.780000000000000249e+00
4.809999999999999609e+00
4.839999999999999858e+00
4.879999999999999893e+00
4.929999999999999716e+00
4.950000000000000178e+00
4.980000000000000426e+00
5.009999999999999787e+00
5.030000000000000249e+00
5.030000000000000249e+00
5.080000000000000071e+00
5.099999999999999645e+00
5.139999999999999680e+00
5.179999999999999716e+00
5.209999999999999964e+00
5.230000000000000426e+00
5.250000000000000000e+00
5.240000000000000213e+00
5.259999999999999787e+00
5.309999999999999609e+00
5.309999999999999609e+00
5.370000000000000107e+00
5.400000000000000355e+00
5.440000000000000391e+00
5.400000000000000355e+00
5.450000000000000178e+00
5.480000000000000426e+00
5.509999999999999787e+00
5.469999999999999751e+00
5.480000000000000426e+00
5.480000000000000426e+00
5.480000000000000426e+00
5.459999999999999964e+00
5.490000000000000213e+00
5.459999999999999964e+00
5.469999999999999751e+00
5.480000000000000426e+00
5.480000000000000426e+00
5.549999999999999822e+00
5.549999999999999822e+00
5.580000000000000071e+00
5.589999999999999858e+00
5.570000000000000284e+00
5.629999999999999893e+00
5.690000000000000391e+00
5.660000000000000142e+00
5.639999999999999680e+00
5.679999999999999716e+00
5.730000000000000426e+00
5.790000000000000036e+00
5.799999999999999822e+00
5.780000000000000249e+00
5.790000000000000036e+00
5.809999999999999609e+00
5.790000000000000036e+00
5.799999999999999822e+00
5.809999999999999609e+00
5.809999999999999609e+00
5.809999999999999609e+00
5.860000000000000320e+00
5.879999999999999893e+00
5.910000000000000142e+00
5.980000000000000426e+00
6.009999999999999787e+00
6.089999999999999858e+00
6.160000000000000142e+00
6.200000000000000178e+00
6.169999999999999929e+00
6.169999999999999929e+00
6.200000000000000178e+00
6.240000000000000213e+00
6.320000000000000284e+00
6.299999999999999822e+00
6.370000000000000107e+00
6.400000000000000355e+00
6.469999999999999751e+00
6.480000000000000426e+00
6.509999999999999787e+00
6.530000000000000249e+00
6.549999999999999822e+00
6.549999999999999822e+00
6.559999999999999609e+00
6.589999999999999858e+00
6.559999999999999609e+00
6.580000000000000071e+00
6.549999999999999822e+00
6.599999999999999645e+00
6.620000000000000107e+00
6.629999999999999893e+00
6.690000000000000391e+00
6.690000000000000391e+00
6.719999999999999751e+00
6.669999999999999929e+00
6.669999999999999929e+00
6.700000000000000178e+00
6.709999999999999964e+00
6.750000000000000000e+00
6.769999999999999574e+00
6.769999999999999574e+00
6.809999999999999609e+00
6.809999999999999609e+00
6.830000000000000071e+00
6.839999999999999858e+00
6.839999999999999858e+00
6.839999999999999858e+00
6.799999999999999822e+00
6.790000000000000036e+00
6.799999999999999822e+00
6.809999999999999609e+00
6.799999999999999822e+00
6.799999999999999822e+00
6.799999999999999822e+00
6.750000000000000000e+00
6.769999999999999574e+00
6.709999999999999964e+00
6.709999999999999964e+00
6.709999999999999964e+00
6.660000000000000142e+00
6.669999999999999929e+00
6.650000000000000355e+00
6.629999999999999893e+00
6.570000000000000284e+00
6.519999999999999574e+00
6.509999999999999787e+00
6.549999999999999822e+00
6.549999999999999822e+00
6.580000000000000071e+00
6.599999999999999645e+00
6.629999999999999893e+00
6.599999999999999645e+00
6.599999999999999645e+00
6.629999999999999893e+00
6.629999999999999893e+00
6.639999999999999680e+00
6.639999999999999680e+00
6.639999999999999680e+00
6.610000000000000320e+00
6.639999999999999680e+00
6.620000000000000107e+00
6.639999999999999680e+00
6.629999999999999893e+00
6.620000000000000107e+00
6.679999999999999716e+00
6.660000000000000142e+00
6.620000000000000107e+00
6.700000000000000178e+00
6.750000000000000000e+00
6.750000000000000000e+00
6.719999999999999751e+00
6.700000000000000178e+00
6.690000000000000391e+00
6.730000000000000426e+00
6.759999999999999787e+00
6.750000000000000000e+00
6.759999999999999787e+00
6.750000000000000000e+00
6.790000000000000036e+00
6.809999999999999609e+00
6.830000000000000071e+00
6.750000000000000000e+00
6.709999999999999964e+00
6.730000000000000426e+00
6.700000000000000178e+00
6.719999999999999751e+00
6.709999999999999964e+00
6.669999999999999929e+00
6.690000000000000391e+00
6.719999999999999751e+00
6.690000000000000391e+00
6.679999999999999716e+00
6.650000000000000355e+00
6.599999999999999645e+00
6.549999999999999822e+00
6.530000000000000249e+00
6.500000000000000000e+00
6.469999999999999751e+00
6.469999999999999751e+00
6.469999999999999751e+00
6.419999999999999929e+00
6.459999999999999964e+00
6.410000000000000142e+00
6.400000000000000355e+00
6.389999999999999680e+00
6.429999999999999716e+00
6.389999999999999680e+00
6.429999999999999716e+00
6.400000000000000355e+00
6.339999999999999858e+00
6.309999999999999609e+00
6.299999999999999822e+00
6.299999999999999822e+00
6.259999999999999787e+00
6.339999999999999858e+00
6.349999999999999645e+00
6.339999999999999858e+00
6.339999999999999858e+00
6.330000000000000071e+00
6.309999999999999609e+00
6.269999999999999574e+00
6.250000000000000000e+00
6.290000000000000036e+00
6.269999999999999574e+00
6.230000000000000426e+00
6.250000000000000000e+00
6.250000000000000000e+00
6.269999999999999574e+00
6.250000000000000000e+00
6.209999999999999964e+00
6.200000000000000178e+00
6.219999999999999751e+00
6.200000000000000178e+00
6.240000000000000213e+00
6.290000000000000036e+00
6.259999999999999787e+00
6.299999999999999822e+00
6.269999999999999574e+00
6.280000000000000249e+00
6.320000000000000284e+00
6.290000000000000036e+00
6.280000000000000249e+00
6.309999999999999609e+00
6.330000000000000071e+00
6.339999999999999858e+00
6.299999999999999822e+00
6.320000000000000284e+00
6.290000000000000036e+00
6.250000000000000000e+00
6.190000000000000391e+00
6.179999999999999716e+00
6.230000000000000426e+00
6.190000000000000391e+00
6.160000000000000142e+00
6.160000000000000142e+00
6.129999999999999893e+00
6.110000000000000320e+00
6.059999999999999609e+00
6.059999999999999609e+00
6.049999999999999822e+00
6.049999999999999822e+00
6.019999999999999574e+00
6.019999999999999574e+00
5.980000000000000426e+00
5.980000000000000426e+00
5.950000000000000178e+00
5.969999999999999751e+00
5.929999999999999716e+00
5.889999999999999680e+00
5.879999999999999893e+00
5.879999999999999893e+00
5.870000000000000107e+00
5.849999999999999645e+00
5.860000000000000320e+00
5.839999999999999858e+00
5.849999999999999645e+00
5.839999999999999858e+00
5.830000000000000071e+00
5.780000000000000249e+00
5.759999999999999787e+00
5.730000000000000426e+00
5.780000000000000249e+00
5.799999999999999822e+00
5.740000000000000213e+00
5.750000000000000000e+00
5.750000000000000000e+00
5.690000000000000391e+00
5.690000000000000391e+00
5.650000000000000355e+00
5.660000000000000142e+00
5.660000000000000142e+00
5.599999999999999645e+00
5.620000000000000107e+00
5.610000000000000320e+00
5.639999999999999680e+00
5.629999999999999893e+00
5.660000000000000142e+00
5.650000000000000355e+00
5.629999999999999893e+00
5.589999999999999858e+00
5.570000000000000284e+00
5.540000000000000036e+00
5.549999999999999822e+00
5.540000000000000036e+00
5.540000000000000036e+00
5.490000000000000213e+00
5.509999999999999787e+00
5.480000000000000426e+00
5.480000000000000426e+00
5.540000000000000036e+00
5.540000000000000036e+00
5.530000000000000249e+00
5.500000000000000000e+00
5.490000000000000213e+00
5.450000000000000178e+00
5.389999999999999680e+00
5.360000000000000320e+00
5.320000000000000284e+00
5.299999999999999822e+00
5.280000000000000249e+00
5.259999999999999787e+00
5.230000000000000426e+00
5.190000000000000391e+00
5.179999999999999716e+00
5.179999999999999716e+00
5.150000000000000355e+00
5.129999999999999893e+00
5.169999999999999929e+00
5.209999999999999964e+00
5.219999999999999751e+00
5.200000000000000178e+00
5.200000000000000178e+00
5.209999999999999964e+00
5.169999999999999929e+00
5.169999999999999929e+00
5.129999999999999893e+00
5.139999999999999680e+00
5.160000000000000142e+00
5.150000000000000355e+00
5.139999999999999680e+00
5.169999999999999929e+00
5.150000000000000355e+00
5.139999999999999680e+00
5.150000000000000355e+00
5.160000000000000142e+00
5.209999999999999964e+00
5.219999999999999751e+00
5.250000000000000000e+00
5.269999999999999574e+00
5.339999999999999858e+00
5.360000000000000320e+00
5.370000000000000107e+00
5.400000000000000355e+00
5.419999999999999929e+00
5.400000000000000355e+00
5.400000000000000355e+00
5.440000000000000391e+00
5.490000000000000213e+00
5.509999999999999787e+00
5.469999999999999751e+00
5.480000000000000426e+00
5.500000000000000000e+00
5.509999999999999787e+00
5.530000000000000249e+00
5.519999999999999574e+00
5.559999999999999609e+00
5.540000000000000036e+00
5.519999999999999574e+00
5.530000000000000249e+00
5.509999999999999787e+00
5.480000000000000426e+00
5.509999999999999787e+00
5.519999999999999574e+00
5.509999999999999787e+00
5.500000000000000000e+00
5.500000000000000000e+00
5.490000000000000213e+00
5.490000000000000213e+00
5.540000000000000036e+00
5.549999999999999822e+00
5.589999999999999858e+00
5.559999999999999609e+00
5.549999999999999822e+00
5.570000000000000284e+00
5.570000000000000284e+00
5.580000000000000071e+00
5.620000000000000107e+00
5.620000000000000107e+00
5.629999999999999893e+00
5.629999999999999893e+00
5.650000000000000355e+00
5.690000000000000391e+00
5.650000000000000355e+00
5.639999999999999680e+00
5.660000000000000142e+00
5.660000000000000142e+00
5.610000000000000320e+00
5.589999999999999858e+00
5.599999999999999645e+00
5.629999999999999893e+00
5.679999999999999716e+00
5.709999999999999964e+00
5.709999999999999964e+00
5.679999999999999716e+00
5.679999999999999716e+00
5.730000000000000426e+00
5.719999999999999751e+00
5.709999999999999964e+00
5.690000000000000391e+00
5.650000000000000355e+00
5.629999999999999893e+00
5.610000000000000320e+00
5.629999999999999893e+00
5.679999999999999716e+00
5.690000000000000391e+00
5.730000000000000426e+00
5.730000000000000426e+00
5.750000000000000000e+00
5.780000000000000249e+00
5.809999999999999609e+00
5.849999999999999645e+00
5.879999999999999893e+00
5.860000000000000320e+00
5.870000000000000107e+00
5.889999999999999680e+00
5.860000000000000320e+00
5.860000000000000320e+00
5.790000000000000036e+00
5.769999999999999574e+00
5.790000000000000036e+00
5.780000000000000249e+00
5.740000000000000213e+00
5.750000000000000000e+00
5.740000000000000213e+00
5.709999999999999964e+00
5.769999999999999574e+00
5.759999999999999787e+00
5.750000000000000000e+00
5.750000000000000000e+00
5.719999999999999751e+00
5.709999999999999964e+00
5.709999999999999964e+00
5.709999999999999964e+00
5.709999999999999964e+00
5.709999999999999964e+00
5.700000000000000178e+00
5.679999999999999716e+00
5.660000000000000142e+00
5.620000000000000107e+00
5.620000000000000107e+00
5.610000000000000320e+00
5.559999999999999609e+00
5.580000000000000071e+00
5.580000000000000071e+00
5.589999999999999858e+00
5.580000000000000071e+00
5.570000000000000284e+00
5.570000000000000284e+00
5.540000000000000036e+00
5.519999999999999574e+00
5.500000000000000000e+00
5.490000000000000213e+00
5.490000000000000213e+00
5.519999999999999574e+00
5.509999999999999787e+00
5.500000000000000000e+00
5.500000000000000000e+00
5.530000000000000249e+00
5.530000000000000249e+00
5.570000000000000284e+00
5.580000000000000071e+00
5.530000000000000249e+00
5.530000000000000249e+00
5.530000000000000249e+00
5.559999999999999609e+00
5.580000000000000071e+00
5.580000000000000071e+00
5.589999999999999858e+00
5.589999999999999858e+00
5.580000000000000071e+00
5.580000000000000071e+00
5.629999999999999893e+00
5.620000000000000107e+00
5.639999999999999680e+00
5.639999999999999680e+00
5.620000000000000107e+00
5.629999999999999893e+00
5.629999999999999893e+00
5.610000000000000320e+00
5.589999999999999858e+00
5.580000000000000071e+00
5.570000000000000284e+00
5.580000000000000071e+00
5.610000000000000320e+00
5.610000000000000320e+00
5.610000000000000320e+00
5.639999999999999680e+00
5.669999999999999929e+00
5.669999999999999929e+00
5.679999999999999716e+00
5.690000000000000391e+00
5.679999999999999716e+00
5.679999999999999716e+00
5.719999999999999751e+00
5.740000000000000213e+00
5.740000000000000213e+00
5.730000000000000426e+00
5.719999999999999751e+00
5.740000000000000213e+00
5.750000000000000000e+00
5.740000000000000213e+00
5.759999999999999787e+00
5.769999999999999574e+00
5.730000000000000426e+00
5.709999999999999964e+00
5.719999999999999751e+00
5.750000000000000000e+00
5.750000000000000000e+00
5.759999999999999787e+00
5.730000000000000426e+00
5.719999999999999751e+00
5.700000000000000178e+00
5.740000000000000213e+00
5.750000000000000000e+00
5.740000000000000213e+00
5.780000000000000249e+00
5.780000000000000249e+00
5.809999999999999609e+00
5.809999999999999609e+00
5.799999999999999822e+00
5.809999999999999609e+00
5.809999999999999609e+00
5.799999999999999822e+00
5.799999999999999822e+00
5.820000000000000284e+00
5.759999999999999787e+00
5.769999999999999574e+00
5.769999999999999574e+00
5.780000000000000249e+00
5.809999999999999609e+00
5.830000000000000071e+00
5.849999999999999645e+00
5.879999999999999893e+00
5.839999999999999858e+00
5.830000000000000071e+00
5.790000000000000036e+00
5.790000000000000036e+00
5.799999999999999822e+00
5.830000000000000071e+00
5.790000000000000036e+00
5.809999999999999609e+00
5.849999999999999645e+00
5.820000000000000284e+00
5.830000000000000071e+00
5.830000000000000071e+00
5.849999999999999645e+00
5.849999999999999645e+00
5.849999999999999645e+00
5.879999999999999893e+00
5.919999999999999929e+00
5.940000000000000391e+00
5.929999999999999716e+00
5.919999999999999929e+00
5.879999999999999893e+00
5.889999999999999680e+00
5.889999999999999680e+00
5.919999999999999929e+00
5.910000000000000142e+00
5.910000000000000142e+00
5.910000000000000142e+00
5.959999999999999964e+00
6.000000000000000000e+00
6.009999999999999787e+00
6.000000000000000000e+00
5.959999999999999964e+00
5.910000000000000142e+00
5.900000000000000355e+00
5.910000000000000142e+00
5.879999999999999893e+00
5.839999999999999858e+00
5.799999999999999822e+00
5.790000000000000036e+00
5.830000000000000071e+00
5.820000000000000284e+00
5.820000000000000284e+00
5.839999999999999858e+00
5.830000000000000071e+00
5.830000000000000071e+00
5.839999999999999858e+00
5.879999999999999893e+00
5.849999999999999645e+00
5.830000000000000071e+00
5.820000000000000284e+00
5.809999999999999609e+00
5.820000000000000284e+00
5.830000000000000071e+00
5.820000000000000284e+00
5.820000000000000284e+00
5.790000000000000036e+00
5.790000000000000036e+00
5.750000000000000000e+00
5.750000000000000000e+00
5.759999999999999787e+00
5.780000000000000249e+00
5.750000000000000000e+00
5.719999999999999751e+00
5.750000000000000000e+00
5.750000000000000000e+00
5.730000000000000426e+00
5.730000000000000426e+00
5.769999999999999574e+00
5.790000000000000036e+00
5.799999999999999822e+00
5.769999999999999574e+00
5.759999999999999787e+00
5.759999999999999787e+00
5.750000000000000000e+00
5.730000000000000426e+00
5.730000000000000426e+00
5.740000000000000213e+00
5.769999999999999574e+00
5.790000000000000036e+00
5.799999999999999822e+00
5.809999999999999609e+00
5.820000000000000284e+00
5.790000000000000036e+00
5.780000000000000249e+00
5.799999999999999822e+00
5.769999999999999574e+00
5.730000000000000426e+00
5.769999999999999574e+00
5.799999999999999822e+00
5.799999999999999822e+00
5.809999999999999609e+00
5.830000000000000071e+00
5.870000000000000107e+00
5.879999999999999893e+00
5.870000000000000107e+00
5.870000000000000107e+00
5.870000000000000107e+00
5.860000000000000320e+00
5.860000000000000320e+00
5.870000000000000107e+00
5.900000000000000355e+00
5.919999999999999929e+00
5.950000000000000178e+00
5.940000000000000391e+00
5.940000000000000391e+00
5.959999999999999964e+00
5.980000000000000426e+00
5.950000000000000178e+00
5.959999999999999964e+00
5.959999999999999964e+00
5.910000000000000142e+00
5.929999999999999716e+00
5.919999999999999929e+00
5.919999999999999929e+00
5.940000000000000391e+00
5.919999999999999929e+00
5.929999999999999716e+00
5.910000000000000142e+00
5.910000000000000142e+00
5.910000000000000142e+00
5.929999999999999716e+00
5.940000000000000391e+00
5.919999999999999929e+00
5.919999999999999929e+00
5.929999999999999716e+00
5.959999999999999964e+00
5.950000000000000178e+00
5.929999999999999716e+00
5.929999999999999716e+00
5.900000000000000355e+00
5.919999999999999929e+00
5.969999999999999751e+00
6.000000000000000000e+00
6.009999999999999787e+00
6.000000000000000000e+00
6.030000000000000249e+00
6.080000000000000071e+00
6.099999999999999645e+00
6.080000000000000071e+00
6.049999999999999822e+00
6.070000000000000284e+00
6.059999999999999609e+00
6.059999999999999609e+00
6.000000000000000000e+00
6.019999999999999574e+00
6.019999999999999574e+00
6.009999999999999787e+00
6.040000000000000036e+00
6.070000000000000284e+00
6.089999999999999858e+00
6.049999999999999822e+00
6.040000000000000036e+00
6.040000000000000036e+00
6.070000000000000284e+00
6.080000000000000071e+00
6.070000000000000284e+00
6.040000000000000036e+00
6.040000000000000036e+00
6.019999999999999574e+00
6.019999999999999574e+00
5.969999999999999751e+00
5.969999999999999751e+00
5.980000000000000426e+00
5.969999999999999751e+00
6.000000000000000000e+00
6.049999999999999822e+00
6.059999999999999609e+00
6.049999999999999822e+00
6.030000000000000249e+00
6.000000000000000000e+00
6.040000000000000036e+00
6.049999999999999822e+00
6.030000000000000249e+00
6.030000000000000249e+00
6.059999999999999609e+00
6.080000000000000071e+00
6.080000000000000071e+00
6.070000000000000284e+00
6.059999999999999609e+00
6.059999999999999609e+00
6.059999999999999609e+00
6.059999999999999609e+00
6.099999999999999645e+00
6.120000000000000107e+00
6.099999999999999645e+00
6.120000000000000107e+00
6.169999999999999929e+00
6.139999999999999680e+00
6.129999999999999893e+00
6.120000000000000107e+00
6.120000000000000107e+00
6.089999999999999858e+00
6.089999999999999858e+00
6.080000000000000071e+00
6.099999999999999645e+00
6.089999999999999858e+00
6.089999999999999858e+00
6.080000000000000071e+00
6.080000000000000071e+00
6.070000000000000284e+00
6.059999999999999609e+00
6.070000000000000284e+00
6.080000000000000071e+00
6.080000000000000071e+00
6.080000000000000071e+00
6.059999999999999609e+00
6.059999999999999609e+00
6.070000000000000284e+00
6.049999999999999822e+00
6.059999999999999609e+00
6.049999999999999822e+00
6.040000000000000036e+00
6.000000000000000000e+00
6.000000000000000000e+00
5.980000000000000426e+00
5.980000000000000426e+00
5.969999999999999751e+00
5.990000000000000213e+00
6.000000000000000000e+00
6.009999999999999787e+00
6.009999999999999787e+00
6.000000000000000000e+00
6.030000000000000249e+00
6.019999999999999574e+00
6.019999999999999574e+00
6.019999999999999574e+00
6.009999999999999787e+00
6.030000000000000249e+00
6.019999999999999574e+00
6.040000000000000036e+00
6.030000000000000249e+00
6.030000000000000249e+00
6.049999999999999822e+00
6.070000000000000284e+00
6.099999999999999645e+00
6.110000000000000320e+00
6.099999999999999645e+00
6.099999999999999645e+00
6.110000000000000320e+00
6.129999999999999893e+00
6.129999999999999893e+00
6.099999999999999645e+00
6.099999999999999645e+00
6.150000000000000355e+00
6.139999999999999680e+00
6.169999999999999929e+00
6.160000000000000142e+00
6.179999999999999716e+00
6.169999999999999929e+00
6.169999999999999929e+00
6.230000000000000426e+00
6.219999999999999751e+00
6.209999999999999964e+00
6.200000000000000178e+00
6.200000000000000178e+00
6.240000000000000213e+00
6.259999999999999787e+00
6.280000000000000249e+00
6.320000000000000284e+00
6.339999999999999858e+00
6.360000000000000320e+00
6.389999999999999680e+00
6.389999999999999680e+00
6.379999999999999893e+00
6.360000000000000320e+00
6.320000000000000284e+00
6.330000000000000071e+00
6.349999999999999645e+00
6.349999999999999645e+00
6.379999999999999893e+00
6.379999999999999893e+00
6.389999999999999680e+00
6.410000000000000142e+00
6.419999999999999929e+00
6.429999999999999716e+00
6.379999999999999893e+00
6.379999999999999893e+00
6.360000000000000320e+00
6.379999999999999893e+00
6.349999999999999645e+00
6.320000000000000284e+00
6.309999999999999609e+00
6.280000000000000249e+00
6.259999999999999787e+00
6.280000000000000249e+00
6.299999999999999822e+00
6.250000000000000000e+00
6.280000000000000249e+00
6.299999999999999822e+00
6.309999999999999609e+00
6.330000000000000071e+00
6.339999999999999858e+00
6.349999999999999645e+00
6.339999999999999858e+00
6.330000000000000071e+00
6.320000000000000284e+00
6.330000000000000071e+00
6.330000000000000071e+00
6.360000000000000320e+00
6.330000000000000071e+00
6.349999999999999645e+00
6.309999999999999609e+00
6.309999999999999609e+00
6.330000000000000071e+00
6.309999999999999609e+00
6.269999999999999574e+00
6.269999999999999574e+00
6.280000000000000249e+00
6.290000000000000036e+00
6.290000000000000036e+00
6.280000000000000249e+00
6.290000000000000036e+00
6.330000000000000071e+00
6.330000000000000071e+00
6.360000000000000320e+00
6.309999999999999609e+00
6.330000000000000071e+00
6.290000000000000036e+00
6.280000000000000249e+00
6.290000000000000036e+00
6.290000000000000036e+00
6.280000000000000249e+00
6.250000000000000000e+00
6.230000000000000426e+00
6.209999999999999964e+00
6.209999999999999964e+00
6.219999999999999751e+00
6.209999999999999964e+00
6.230000000000000426e+00
6.230000000000000426e+00
6.240000000000000213e+00
6.190000000000000391e+00
6.190000000000000391e+00
6.190000000000000391e+00
6.169999999999999929e+00
6.150000000000000355e+00
6.150000000000000355e+00
6.139999999999999680e+00
6.139999999999999680e+00
6.150000000000000355e+00
6.160000000000000142e+00
6.200000000000000178e+00
6.190000000000000391e+00
6.200000000000000178e+00
6.169999999999999929e+00
6.150000000000000355e+00
6.150000000000000355e+00
6.139999999999999680e+00
6.150000000000000355e+00
