Episode	Agent 1	Agent 2
1	3		0
2	0		0
3	0		0
4	6		2
5	0		2
6	2		3
7	6		1
8	0		0
9	0		0
10	1		0
11	0		0
12	7		4
13	5		3
14	4		7
15	2		0
16	1		0
17	3		3
18	0		1
19	2		2
20	2		2
21	1		9
22	0		0
23	1		4
24	8		3
25	0		1
26	0		2
27	6		3
28	5		11
29	3		5
30	0		4
31	3		2
32	2		1
33	2		2
34	0		0
35	1		3
36	0		1
37	7		2
38	0		2
39	3		2
40	3		10
41	4		0
42	5		3
43	1		5
44	2		1
45	1		0
46	3		4
47	1		0
48	1		3
49	1		0
50	2		7
51	2		5
52	0		0
53	3		3
54	1		3
55	9		5
56	3		1
57	5		4
58	1		2
59	4		1
60	0		4
61	1		4
62	1		6
63	5		3
64	10		2
65	2		2
66	2		6
67	0		4
68	3		1
69	1		2
70	4		1
71	2		1
72	1		4
73	7		1
74	2		4
75	2		3
76	8		6
77	0		5
78	5		4
79	1		2
80	1		4
81	6		4
82	4		3
83	0		6
84	4		6
85	8		3
86	4		2
87	8		2
88	3		6
89	2		7
90	1		4
91	4		3
92	2		2
93	7		6
94	3		4
95	5		4
96	4		0
97	5		8
98	6		8
99	9		1
100	4		3
101	4		4
102	4		1
103	3		2
104	2		2
105	3		3
106	5		2
107	2		1
108	12		19
109	4		9
110	5		6
111	4		3
112	4		4
113	6		2
114	5		2
115	3		4
116	3		4
117	4		4
118	5		2
119	2		4
120	3		2
121	6		4
122	4		3
123	2		2
124	5		6
125	1		5
126	5		2
127	8		2
128	3		6
129	5		6
130	4		9
131	4		3
132	2		4
133	1		4
134	2		6
135	4		2
136	6		3
137	4		6
138	2		4
139	4		1
140	15		8
141	8		4
142	3		9
143	0		11
144	7		6
145	9		5
146	5		4
147	10		4
148	6		4
149	2		3
150	2		5
151	6		3
152	5		5
153	7		4
154	5		1
155	2		6
156	2		5
157	2		7
158	4		5
159	4		4
160	9		6
161	3		3
162	6		8
163	7		4
164	5		9
165	3		2
166	6		4
167	5		5
168	4		5
169	3		4
170	3		10
171	3		6
172	5		4
173	5		8
174	9		6
175	6		6
176	5		4
177	5		3
178	5		7
179	4		7
180	5		2
181	4		5
182	5		7
183	4		2
184	6		4
185	7		5
186	10		6
187	3		5
188	9		2
189	8		5
190	6		2
191	5		7
192	4		5
193	3		4
194	6		3
195	4		8
196	8		3
197	4		6
198	5		4
199	4		4
200	5		3
201	3		3
202	4		6
203	6		3
204	4		8
205	5		5
206	5		5
207	7		10
208	7		5
209	5		5
210	8		3
211	7		6
212	7		5
213	2		4
214	8		7
215	6		8
216	7		5
217	5		3
218	6		6
219	6		6
220	8		7
221	5		4
222	5		10
223	5		6
224	5		6
225	6		6
226	6		4
227	7		10
228	8		5
229	6		4
230	5		9
231	2		6
232	8		4
233	5		4
234	1		4
235	5		4
236	4		3
237	3		5
238	5		8
239	6		3
240	7		2
241	5		8
242	2		8
243	4		2
244	7		7
245	5		10
246	4		3
247	6		5
248	4		6
249	6		6
250	5		5
251	5		8
252	6		5
253	6		13
254	4		3
255	2		4
256	4		2
257	6		3
258	4		7
259	5		7
260	9		5
261	7		5
262	5		6
263	9		6
264	6		6
265	4		5
266	4		5
267	9		4
268	5		12
269	6		6
270	9		8
271	8		9
272	5		5
273	6		11
274	7		5
275	5		7
276	3		7
277	7		4
278	5		4
279	8		8
280	3		7
281	2		6
282	9		6
283	7		6
284	8		6
285	6		7
286	7		4
287	11		6
288	7		8
289	6		13
290	5		4
291	5		7
292	3		6
293	4		5
294	6		7
295	4		5
296	2		2
297	1		5
298	6		8
299	7		7
300	7		6
301	5		10
302	7		3
303	6		5
304	4		7
305	2		7
306	3		5
307	5		1
308	5		7
309	6		6
310	5		8
311	2		3
312	3		5
313	3		4
314	4		6
315	4		5
316	9		5
317	4		5
318	4		3
319	2		6
320	5		4
321	6		5
322	5		7
323	2		4
324	2		7
325	2		4
326	5		7
327	4		5
328	5		3
329	5		5
330	6		3
331	4		6
332	7		5
333	3		4
334	5		3
335	5		3
336	3		2
337	2		3
338	6		2
339	4		9
340	5		6
341	5		2
342	7		4
343	2		1
344	6		3
345	6		2
346	4		2
347	3		4
348	4		2
349	1		4
350	6		2
351	6		7
352	4		3
353	4		4
354	3		4
355	6		4
356	3		5
357	5		4
358	4		4
359	3		5
360	4		4
361	7		1
362	6		5
363	1		6
364	4		4
365	4		2
366	5		5
367	2		2
368	4		1
369	8		2
370	6		4
371	4		2
372	4		5
373	5		5
374	2		6
375	3		4
376	3		5
377	1		1
378	4		8
379	2		3
380	4		4
381	3		4
382	6		1
383	5		4
384	2		5
385	17		5
386	5		3
387	8		3
388	4		6
389	5		4
390	5		5
391	2		1
392	1		5
393	3		5
394	4		5
395	3		5
396	1		4
397	2		7
398	3		6
399	1		5
400	4		4
401	6		3
402	4		4
403	4		4
404	4		2
405	2		4
406	5		5
407	5		3
408	7		3
409	6		4
410	5		5
411	3		3
412	4		11
413	1		7
414	5		6
415	4		4
416	3		4
417	3		5
418	5		11
419	5		2
420	2		6
421	2		6
422	1		3
423	4		2
424	5		15
425	3		7
426	4		4
427	1		12
428	6		4
429	4		4
430	4		3
431	3		5
432	2		3
433	3		7
434	4		1
435	4		7
436	4		3
437	5		3
438	4		9
439	3		3
440	2		5
441	5		5
442	5		6
443	3		3
444	7		4
445	5		6
446	4		5
447	3		0
448	18		3
449	4		2
450	7		9
451	3		5
452	6		6
453	5		6
454	3		1
455	2		6
456	1		1
457	4		2
458	3		5
459	1		4
460	2		3
461	1		7
462	2		3
463	3		4
464	3		4
465	8		13
466	3		7
467	6		1
468	3		4
469	5		3
470	5		4
471	2		5
472	2		6
473	5		1
474	4		1
475	3		3
476	5		7
477	7		4
478	3		6
479	9		6
480	2		1
481	5		3
482	3		6
483	4		3
484	3		3
485	5		5
486	4		6
487	3		4
488	3		7
489	4		4
490	7		3
491	4		4
492	2		7
493	3		4
494	2		3
495	6		4
496	4		6
497	3		6
498	2		3
499	4		4
500	3		3
501	1		3
502	3		3
503	5		6
504	3		4
505	3		7
506	2		4
507	2		5
508	3		6
509	4		2
510	6		2
511	4		5
512	4		3
513	4		5
514	4		3
515	3		6
516	3		6
517	6		4
518	5		6
519	5		3
520	3		4
521	3		5
522	2		6
523	5		6
524	4		4
525	3		4
526	3		4
527	2		5
528	5		7
529	1		9
530	0		8
531	5		6
532	6		4
533	3		10
534	2		7
535	3		6
536	4		4
537	11		3
538	3		8
539	6		4
540	4		8
541	4		5
542	3		15
543	4		4
544	5		2
545	3		5
546	3		7
547	6		6
548	6		5
549	4		2
550	6		3
551	2		5
552	2		6
553	2		5
554	4		8
555	2		6
556	3		1
557	2		6
558	2		3
559	8		4
560	5		4
561	6		3
562	5		3
563	4		6
564	4		2
565	6		5
566	1		8
567	5		5
568	6		5
569	3		2
570	5		3
571	8		3
572	5		7
573	8		3
574	2		4
575	3		2
576	1		4
577	8		2
578	5		4
579	5		3
580	5		3
581	4		4
582	6		5
583	4		2
584	4		4
585	7		3
586	4		5
587	2		4
588	5		6
589	4		5
590	7		3
591	6		1
592	2		5
593	2		5
594	2		3
595	1		4
596	3		4
597	3		5
598	4		3
599	6		4
600	7		5
601	4		4
602	3		3
603	5		7
604	3		4
605	4		4
606	5		2
607	5		6
608	3		5
609	4		5
610	3		8
611	5		6
612	5		6
613	4		6
614	4		5
615	3		5
616	3		9
617	4		6
618	5		7
619	3		9
620	5		2
621	3		7
622	3		7
623	8		5
624	4		5
625	5		6
626	6		4
627	3		5
628	7		5
629	5		6
630	3		5
631	2		6
632	6		9
633	0		10
634	5		6
635	4		7
636	4		7
637	3		8
638	6		4
639	3		7
640	3		8
641	5		7
642	5		4
643	6		6
644	4		6
645	7		5
646	9		10
647	8		3
648	3		8
649	5		2
650	5		4
651	4		4
652	2		8
653	8		2
654	6		6
655	1		3
656	5		6
657	3		6
658	6		3
659	5		5
660	3		4
661	3		7
662	7		2
663	6		5
664	5		5
665	3		8
666	6		3
667	7		6
668	4		4
669	6		7
670	5		7
671	8		3
672	7		6
673	2		3
674	5		7
675	3		7
676	3		3
677	1		4
678	4		5
679	3		8
680	4		6
681	5		5
682	3		3
683	2		4
684	7		2
685	4		5
686	5		4
687	5		1
688	7		4
689	5		5
690	8		5
691	6		7
692	5		5
693	6		6
694	3		6
695	2		7
696	4		8
697	7		5
698	3		5
699	11		3
700	5		8
701	7		9
702	8		5
703	6		4
704	7		6
705	6		7
706	3		8
707	6		5
708	8		3
709	5		6
710	5		5
711	8		5
712	4		7
713	5		6
714	3		5
715	7		6
716	2		5
717	5		5
718	3		7
719	4		7
720	4		6
721	3		7
722	4		8
723	5		3
724	3		8
725	6		7
726	3		9
727	5		12
728	3		11
729	6		4
730	3		8
731	4		5
732	8		4
733	6		7
734	4		8
735	7		6
736	15		15
737	7		4
738	5		8
739	2		8
740	5		7
741	4		4
742	1		6
743	0		2
744	7		3
745	3		4
746	5		6
747	3		7
748	3		4
749	4		7
750	4		6
751	3		5
752	5		2
753	4		3
754	4		6
755	4		3
756	6		8
757	4		6
758	2		7
759	4		5
760	2		3
761	2		7
762	4		8
763	2		8
764	4		6
765	8		3
766	5		6
767	4		4
768	3		6
769	7		4
770	6		4
771	5		5
772	8		4
773	6		4
774	7		7
775	5		2
776	5		7
777	7		3
778	6		8
779	5		3
780	5		6
781	5		5
782	5		8
783	5		7
784	5		5
785	6		5
786	4		7
787	2		9
788	6		12
789	6		7
790	1		8
791	9		5
792	5		6
793	6		5
794	8		5
795	8		7
796	5		6
797	9		4
798	3		7
799	5		6
800	6		6
801	3		7
802	3		7
803	15		1
804	6		6
805	1		5
806	4		8
807	5		7
808	7		8
809	3		7
810	4		8
811	4		4
812	5		4
813	4		7
814	6		6
815	3		7
816	6		9
817	4		6
818	1		1
819	4		4
820	6		7
821	14		8
822	3		6
823	5		5
824	4		8
825	3		8
826	5		6
827	2		4
828	5		6
829	5		2
830	6		5
831	7		6
832	3		6
833	3		7
834	6		6
835	3		8
836	2		6
837	5		8
838	5		4
839	4		7
840	5		6
841	5		6
842	7		5
843	5		4
844	5		5
845	4		6
846	3		4
847	7		5
848	7		3
849	7		5
850	4		3
851	4		4
852	6		5
853	5		3
854	3		7
855	6		5
856	5		4
857	4		6
858	1		2
859	3		4
860	5		7
861	3		6
862	6		2
863	6		5
864	4		6
865	2		5
866	3		4
867	6		5
868	3		7
869	5		7
870	4		6
871	3		7
872	5		4
873	7		6
874	2		7
875	5		5
876	6		7
877	3		5
878	4		6
879	5		8
880	5		6
881	6		5
882	6		5
883	2		4
884	6		8
885	7		6
886	4		5
887	4		2
888	5		5
889	5		4
890	6		7
891	8		3
892	4		3
893	5		8
894	4		7
895	3		4
896	6		4
897	7		5
898	7		5
899	4		5
900	4		3
901	7		7
902	3		5
903	4		7
904	5		8
905	7		8
906	8		5
907	5		7
908	5		2
909	2		2
910	4		5
911	4		5
912	6		5
913	6		5
914	3		2
915	6		5
916	5		6
917	6		6
918	7		5
919	8		2
920	5		4
921	4		5
922	5		2
923	4		7
924	3		4
925	5		5
926	5		3
927	6		5
928	5		7
929	5		0
930	6		4
931	7		5
932	6		3
933	6		5
934	7		5
935	7		5
936	8		4
937	9		5
938	4		7
939	5		6
940	6		5
941	4		5
942	7		6
943	6		7
944	5		2
945	5		10
946	6		6
947	4		7
948	7		4
949	8		7
950	2		2
951	4		5
952	6		6
953	4		12
954	4		9
955	5		8
956	8		6
957	3		10
958	6		6
959	2		6
960	6		7
961	4		7
962	6		5
963	6		6
964	4		6
965	7		5
966	10		5
967	6		5
968	4		5
969	3		7
970	6		7
971	6		5
972	6		6
973	6		4
974	6		4
975	5		6
976	6		4
977	3		4
978	3		4
979	4		4
980	5		7
981	3		8
982	8		10
983	1		6
984	6		7
985	4		5
986	5		4
987	5		9
988	5		6
989	5		8
990	6		6
991	2		6
992	6		3
993	6		8
994	5		7
995	4		7
996	7		4
997	5		5
998	4		6
999	4		6
1000	6		4
1001	4		5
1002	5		3
1003	6		5
1004	6		7
1005	3		4
1006	4		5
1007	4		7
1008	6		5
1009	4		6
1010	8		5
1011	4		6
1012	4		4
1013	5		6
1014	9		7
1015	6		6
1016	1		8
1017	6		5
1018	4		5
1019	5		4
1020	7		5
1021	5		4
1022	4		7
1023	8		4
1024	7		6
1025	4		8
1026	6		6
1027	4		8
1028	8		3
1029	6		5
1030	5		7
1031	3		3
1032	5		8
1033	7		4
1034	4		4
1035	6		3
1036	5		4
1037	5		7
1038	5		4
1039	4		4
1040	6		5
1041	5		6
1042	5		7
1043	5		6
1044	5		7
1045	5		6
1046	6		4
1047	5		6
1048	5		3
1049	6		5
1050	4		3
1051	4		4
1052	4		7
1053	5		5
1054	5		6
1055	5		6
1056	6		4
1057	4		4
1058	3		8
1059	6		7
1060	4		2
1061	5		5
1062	4		6
1063	7		5
1064	3		8
1065	6		6
1066	7		4
1067	3		4
1068	4		5
1069	3		6
1070	6		7
1071	4		11
1072	5		7
1073	6		7
1074	8		5
1075	4		5
1076	9		4
1077	5		5
1078	7		5
1079	3		6
1080	5		5
1081	7		3
1082	5		6
1083	6		5
1084	6		6
1085	4		4
1086	6		7
1087	4		6
1088	3		7
1089	6		6
1090	5		8
1091	5		6
1092	6		7
1093	7		7
1094	6		5
1095	4		7
1096	3		7
1097	4		3
1098	3		3
1099	4		7
1100	5		4
1101	5		7
1102	6		5
1103	4		6
1104	4		7
1105	4		6
1106	5		7
1107	4		7
1108	6		7
1109	7		8
1110	4		7
1111	4		5
1112	6		5
1113	6		6
1114	6		7
1115	3		7
1116	6		5
1117	6		7
1118	5		5
1119	4		3
1120	5		7
1121	5		6
1122	3		6
1123	5		6
1124	7		4
1125	7		6
1126	4		7
1127	6		7
1128	6		6
1129	5		4
1130	4		8
1131	5		6
1132	6		5
1133	7		4
1134	6		7
1135	5		5
1136	7		6
1137	6		5
1138	5		8
1139	4		8
1140	2		6
1141	4		7
1142	7		6
1143	5		6
1144	4		3
1145	7		4
1146	7		5
1147	9		6
1148	5		7
1149	9		5
1150	7		4
1151	5		4
1152	4		3
1153	3		6
1154	4		3
1155	7		7
1156	6		7
1157	6		5
1158	5		7
1159	5		7
1160	8		6
1161	6		3
1162	5		7
1163	4		6
1164	9		4
1165	5		6
1166	6		6
1167	7		5
1168	6		6
1169	7		5
1170	6		7
1171	3		5
1172	5		7
1173	7		6
1174	6		6
1175	6		18
1176	6		7
1177	3		7
1178	4		6
1179	7		9
1180	8		7
1181	7		4
1182	7		6
1183	3		2
1184	3		3
1185	3		6
1186	6		7
1187	5		4
1188	5		3
1189	4		4
1190	7		7
1191	5		6
1192	4		5
1193	5		8
1194	28		6
1195	5		4
1196	5		5
1197	5		6
1198	5		6
1199	1		5
1200	4		3
1201	5		7
1202	7		5
1203	6		7
1204	6		3
1205	7		4
1206	4		6
1207	5		6
1208	5		6
1209	6		6
1210	5		5
1211	5		4
1212	9		6
1213	7		4
1214	6		6
1215	8		7
1216	7		5
1217	6		7
1218	7		4
1219	5		7
1220	6		6
1221	6		6
1222	5		2
1223	4		4
1224	7		9
1225	5		6
1226	4		4
1227	5		6
1228	6		4
1229	8		5
1230	3		10
1231	7		7
1232	6		7
1233	7		6
1234	3		4
1235	6		7
1236	6		6
1237	5		5
1238	0		3
1239	4		6
1240	6		5
1241	4		3
1242	5		5
1243	7		6
1244	6		6
1245	4		8
1246	3		7
1247	5		8
1248	7		7
1249	6		6
1250	6		5
1251	5		7
1252	4		8
1253	4		5
1254	4		6
1255	4		4
1256	4		9
1257	5		7
1258	4		7
1259	3		9
1260	8		7
1261	6		6
1262	3		8
1263	7		4
1264	5		7
1265	4		7
1266	8		4
1267	8		7
1268	4		7
1269	3		5
1270	4		7
1271	7		6
1272	8		4
1273	6		5
1274	5		5
1275	6		7
1276	4		7
1277	5		7
1278	7		6
1279	7		5
1280	6		7
1281	6		5
1282	7		8
1283	7		5
1284	6		6
1285	5		7
1286	5		5
1287	5		8
1288	5		7
1289	5		7
1290	5		8
1291	5		6
1292	6		9
1293	4		7
1294	5		7
1295	2		3
1296	5		7
1297	6		7
1298	5		7
1299	6		7
1300	6		8
1301	6		5
1302	1		1
1303	6		7
1304	6		8
1305	9		5
1306	8		5
1307	6		4
1308	6		5
1309	5		3
1310	3		5
1311	4		6
1312	5		2
1313	9		5
1314	6		6
1315	5		8
1316	6		6
1317	8		4
1318	5		5
1319	10		6
1320	4		7
1321	4		4
1322	7		6
1323	6		6
1324	6		6
1325	7		4
1326	5		7
1327	3		7
1328	4		9
1329	4		7
1330	5		7
1331	11		5
1332	4		8
1333	8		7
1334	5		7
1335	6		9
1336	6		8
1337	5		5
1338	6		8
1339	7		5
1340	4		7
1341	5		6
1342	7		6
1343	8		7
1344	8		4
1345	7		5
1346	8		6
1347	7		6
1348	5		7
1349	7		3
1350	5		6
1351	4		6
1352	7		7
1353	7		5
1354	6		6
1355	5		6
1356	7		6
1357	7		6
1358	6		7
1359	7		5
1360	7		5
1361	6		4
1362	4		3
1363	9		4
1364	1		3
1365	9		5
1366	7		6
1367	7		3
1368	6		7
1369	7		6
1370	6		4
1371	6		8
1372	10		7
1373	6		4
1374	5		6
1375	6		3
1376	5		6
1377	10		5
1378	7		4
1379	7		5
1380	6		7
1381	5		7
1382	7		8
1383	4		7
1384	7		7
1385	8		7
1386	7		6
1387	8		6
1388	3		7
1389	8		6
1390	5		7
1391	8		6
1392	7		4
1393	4		5
1394	5		7
1395	5		8
1396	6		4
1397	5		7
1398	7		6
1399	7		5
1400	5		6
1401	6		5
1402	5		7
1403	7		5
1404	5		6
1405	14		3
1406	4		7
1407	10		4
1408	8		5
1409	9		4
1410	8		5
1411	4		7
1412	4		7
1413	9		7
1414	5		9
1415	7		6
1416	6		5
1417	3		4
1418	7		6
1419	7		7
1420	5		5
1421	6		11
1422	8		3
1423	7		7
1424	8		6
1425	2		7
1426	6		9
1427	4		4
1428	6		4
1429	2		8
1430	9		6
1431	5		6
1432	6		5
1433	9		6
1434	4		8
1435	5		6
1436	9		3
1437	7		8
1438	4		3
1439	7		6
1440	7		7
1441	6		7
1442	8		5
1443	6		8
1444	8		5
1445	8		6
1446	8		4
1447	6		5
1448	9		4
1449	6		10
1450	6		9
1451	5		3
1452	6		6
1453	4		5
1454	7		7
1455	8		6
1456	6		3
1457	2		2
1458	8		6
1459	6		5
1460	5		7
1461	4		5
1462	3		2
1463	9		7
1464	5		6
1465	7		7
1466	7		5
1467	0		0
1468	10		6
1469	4		3
1470	5		6
1471	9		7
1472	7		5
1473	2		6
1474	7		6
1475	6		7
1476	7		5
1477	7		5
1478	5		8
1479	7		5
1480	5		8
1481	5		7
1482	6		7
1483	3		2
1484	10		4
1485	6		4
1486	6		5
1487	6		4
1488	5		6
1489	6		6
1490	5		6
1491	8		5
1492	8		7
1493	5		7
1494	5		5
1495	7		8
1496	4		4
1497	7		2
1498	7		5
1499	4		7
1500	3		6
